00004475	0
00006484	1
00007846	2
00015388	3
00017222	4
00021265	5
00021939	6
00288000	7
00433458	8
00433661	9
00433802	10
00434075	11
00439826	12
00440747	13
00441824	14
00442115	15
00442847	16
00442981	17
00443231	18
00444651	19
00445055	20
00445351	21
00445802	22
00446493	23
00447073	24
00447540	25
00448232	26
00448466	27
00449295	28
00449517	29
00450335	30
00450700	31
00450866	32
00451370	33
00451866	34
00452293	35
00453935	36
00454237	37
00454624	38
00463246	39
00463543	40
00464651	41
00464894	42
00467719	43
00467995	44
00468480	45
00469651	46
00470966	47
00471437	48
00471613	49
00475787	50
00476389	51
00478262	52
00479076	53
00479734	54
00479887	55
00480508	56
00480993	57
00482298	58
00523513	59
01314388	60
01314663	61
01314781	62
01314910	63
01315213	64
01315330	65
01315581	66
01315805	67
01316422	68
01316949	69
01317541	70
01317916	71
01318053	72
01318478	73
01318660	74
01318894	75
01319001	76
01319187	77
01319467	78
01320872	79
01321230	80
01321456	81
01321579	82
01321854	83
01322221	84
01322685	85
01323355	86
01323599	87
01323781	88
01324305	89
01324610	90
01324799	91
01324916	92
01325060	93
01326291	94
01329186	95
01330497	96
01333082	97
01342269	98
01347583	99
01351170	100
01375204	101
01376237	102
01384164	103
01384687	104
01385017	105
01385330	106
01387065	107
01389507	108
01390123	109
01395254	110
01397114	111
01402600	112
01407798	113
01421807	114
01438208	115
01439121	116
01439514	117
01439808	118
01441425	119
01443537	120
01443831	121
01446589	122
01446760	123
01447331	124
01448291	125
01448951	126
01449374	127
01449712	128
01449980	129
01455778	130
01457082	131
01457407	132
01457852	133
01458842	134
01459791	135
01461646	136
01466257	137
01468238	138
01468712	139
01471682	140
01472303	141
01472502	142
01473806	143
01477525	144
01477875	145
01480516	146
01480880	147
01482071	148
01482330	149
01483522	150
01484097	151
01484850	152
01486010	153
01487506	154
01488918	155
01490112	156
01491661	157
01494475	158
01495493	159
01495701	160
01496331	161
01498041	162
01498989	163
01500091	164
01500854	165
01501160	166
01503061	167
01517565	168
01517966	169
01518878	170
01519873	171
01521756	172
01524359	173
01525720	174
01526521	175
01527194	176
01527617	177
01528654	178
01529672	179
01532325	180
01533339	181
01534433	182
01534762	183
01537134	184
01537544	185
01538955	186
01539573	187
01539925	188
01540233	189
01541386	190
01541922	191
01542786	192
01543383	193
01543632	194
01543936	195
01544208	196
01546039	197
01546921	198
01547832	199
01548301	200
01548694	201
01549430	202
01549641	203
01549886	204
01550172	205
01550761	206
01553142	207
01554448	208
01555305	209
01555809	210
01556182	211
01556514	212
01557185	213
01557962	214
01558149	215
01558594	216
01558765	217
01560636	218
01562265	219
01563128	220
01563746	221
01564394	222
01565599	223
01566645	224
01567133	225
01567678	226
01569060	227
01569262	228
01569423	229
01569566	230
01569836	231
01570676	232
01571904	233
01572328	234
01572489	235
01572782	236
01573074	237
01573627	238
01573898	239
01574045	240
01574390	241
01574801	242
01575401	243
01575745	244
01576695	245
01577458	246
01577659	247
01577941	248
01578180	249
01578575	250
01579028	251
01579260	252
01579410	253
01579578	254
01580077	255
01581166	256
01581434	257
01581730	258
01582220	259
01582856	260
01584225	261
01585121	262
01586374	263
01586941	264
01587526	265
01587834	266
01588431	267
01589286	268
01589718	269
01590220	270
01591697	271
01592084	272
01592694	273
01594372	274
01595624	275
01596273	276
01597336	277
01597737	278
01598588	279
01598988	280
01600657	281
01601068	282
01601694	283
01602630	284
01603600	285
01604330	286
01605630	287
01606177	288
01608432	289
01609751	290
01610226	291
01610955	292
01611472	293
01612122	294
01613294	295
01613615	296
01614038	297
01614343	298
01614925	299
01615121	300
01615458	301
01616086	302
01616318	303
01616764	304
01618503	305
01618922	306
01619536	307
01620414	308
01621127	309
01621635	310
01622120	311
01622352	312
01622779	313
01622959	314
01623110	315
01623425	316
01623706	317
01623880	318
01624537	319
01624833	320
01625121	321
01625562	322
01627424	323
01628770	324
01629276	325
01630284	326
01631175	327
01632047	328
01635176	329
01637932	330
01639765	331
01640846	332
01641206	333
01641739	334
01642943	335
01643255	336
01643507	337
01643896	338
01644373	339
01644900	340
01645466	341
01645776	342
01648139	343
01648356	344
01648620	345
01649170	346
01650167	347
01650690	348
01650901	349
01651059	350
01651487	351
01652297	352
01653026	353
01653223	354
01653509	355
01653773	356
01654863	357
01655344	358
01661091	359
01662622	360
01662784	361
01663401	362
01664065	363
01664369	364
01664990	365
01665541	366
01665932	367
01668436	368
01669191	369
01669654	370
01670092	371
01671125	372
01674216	373
01674464	374
01676755	375
01677366	376
01678657	377
01680264	378
01680478	379
01681328	380
01681940	381
01682714	382
01684133	383
01684578	384
01684741	385
01685439	386
01685808	387
01687665	388
01688961	389
01689411	390
01691951	391
01692864	392
01693783	393
01694709	394
01695060	395
01696633	396
01697178	397
01698434	398
01699040	399
01708106	400
01712008	401
01712752	402
01713764	403
01722998	404
01723579	405
01726692	406
01727646	407
01728572	408
01728920	409
01729322	410
01729977	411
01730812	412
01731545	413
01732244	414
01732789	415
01733757	416
01734418	417
01734808	418
01735189	419
01736796	420
01737021	421
01737472	422
01737875	423
01738601	424
01739647	425
01740551	426
01741232	427
01741562	428
01741943	429
01743605	430
01745125	431
01745484	432
01745902	433
01746191	434
01746359	435
01746952	436
01747285	437
01747885	438
01748906	439
01749582	440
01751036	441
01752165	442
01753488	443
01753959	444
01754370	445
01754533	446
01754876	447
01755740	448
01756291	449
01756508	450
01757677	451
01767661	452
01769347	453
01770081	454
01770795	455
01771417	456
01772222	457
01773549	458
01773797	459
01775062	460
01775370	461
01776192	462
01776313	463
01776705	464
01778217	465
01779148	466
01779629	467
01780696	468
01782209	469
01782516	470
01783706	471
01786646	472
01787835	473
01789386	474
01789740	475
01791107	476
01791625	477
01792640	478
01792955	479
01794158	480
01795088	481
01795545	482
01796340	483
01796519	484
01796729	485
01797020	486
01798484	487
01799302	488
01800195	489
01800424	490
01801088	491
01801479	492
01801876	493
01802159	494
01802721	495
01803078	496
01803641	497
01804478	498
01804921	499
01805801	500
01806567	501
01807496	502
01807828	503
01809106	504
01809752	505
01810700	506
01811909	507
01812337	508
01812866	509
01813088	510
01813385	511
01814370	512
01815601	513
01816140	514
01816887	515
01819115	516
01821203	517
01821869	518
01822300	519
01822602	520
01823013	521
01824575	522
01825278	523
01825930	524
01826364	525
01827403	526
01829869	527
01830042	528
01831712	529
01832167	530
01835276	531
01835769	532
01835918	533
01836087	534
01836673	535
01838038	536
01838598	537
01839086	538
01839598	539
01840412	540
01840775	541
01841102	542
01844917	543
01845477	544
01846331	545
01848123	546
01848648	547
01848976	548
01850192	549
01850373	550
01851375	551
01851731	552
01852142	553
01852861	554
01853498	555
01854415	556
01854700	557
01854838	558
01855032	559
01855188	560
01855476	561
01855672	562
01856553	563
01857325	564
01857632	565
01858441	566
01859325	567
01859496	568
01861778	569
01862399	570
01871875	571
01872401	572
01872772	573
01873310	574
01874434	575
01874928	576
01876326	577
01876667	578
01877134	579
01877812	580
01880152	581
01881171	582
01881857	583
01882125	584
01882714	585
01883513	586
01883920	587
01884476	588
01884834	589
01885158	590
01885498	591
01886756	592
01887474	593
01887896	594
01888264	595
01889074	596
01889520	597
01890860	598
01891633	599
01892551	600
01893825	601
01894207	602
01905661	603
01906749	604
01907738	605
01908958	606
01909422	607
01909906	608
01910252	609
01910747	610
01911839	611
01912454	612
01914163	613
01914609	614
01914830	615
01915811	616
01916187	617
01916925	618
01917611	619
01918744	620
01922303	621
01922717	622
01924916	623
01925695	624
01926379	625
01927159	626
01927456	627
01928517	628
01930112	629
01930852	630
01931520	631
01933478	632
01933988	633
01934440	634
01935176	635
01935395	636
01936391	637
01936671	638
01937579	639
01937909	640
01940736	641
01941223	642
01942177	643
01942869	644
01943899	645
01944390	646
01944812	647
01944955	648
01945845	649
01946277	650
01948446	651
01948573	652
01949973	653
01950731	654
01951274	655
01953361	656
01955084	657
01955933	658
01956344	659
01956481	660
01957335	661
01958038	662
01958346	663
01958435	664
01959985	665
01960459	666
01962788	667
01963571	668
01964049	669
01964271	670
01964441	671
01965889	672
01966377	673
01966586	674
01967094	675
01968315	676
01969726	677
01970667	678
01971094	679
01971280	680
01972131	681
01974773	682
01975687	683
01976146	684
01976957	685
01978930	686
01979526	687
01981276	688
01981702	689
01982068	690
01982650	691
01983048	692
01983481	693
01984695	694
01985128	695
01985493	696
01985797	697
01986806	698
01987545	699
01987727	700
01989869	701
01990007	702
01990800	703
01992773	704
01996585	705
01997119	706
01998183	707
01998741	708
01999186	709
01999767	710
02000954	711
02002075	712
02003037	713
02003204	714
02004492	715
02004855	716
02005399	717
02005790	718
02006656	719
02008041	720
02008796	721
02009750	722
02010453	723
02011281	724
02011460	725
02012849	726
02014237	727
02014941	728
02015554	729
02016358	730
02016659	731
02016816	732
02016956	733
02018027	734
02018207	735
02018795	736
02019929	737
02021050	738
02021795	739
02022684	740
02023341	741
02023992	742
02024185	743
02024763	744
02025043	745
02026059	746
02026629	747
02028175	748
02028900	749
02029706	750
02030996	751
02031934	752
02032222	753
02032355	754
02032480	755
02033041	756
02033561	757
02034129	758
02034661	759
02034971	760
02035210	761
02035402	762
02036053	763
02037110	764
02037464	765
02038993	766
02039171	767
02040266	768
02040505	769
02041085	770
02041246	771
02041678	772
02041875	773
02042046	774
02042180	775
02042472	776
02044178	777
02044778	778
02045369	779
02046759	780
02047260	781
02047614	782
02048698	783
02049532	784
02050004	785
02051474	786
02051845	787
02053083	788
02053425	789
02054502	790
02055658	791
02055803	792
02057731	793
02058221	794
02058747	795
02059162	796
02060889	797
02062017	798
02062430	799
02062744	800
02063224	801
02064000	802
02064338	803
02064816	804
02065026	805
02065407	806
02065726	807
02066245	808
02066707	809
02067240	810
02068206	811
02068541	812
02068974	813
02069701	814
02070430	815
02071294	816
02071636	817
02072493	818
02073250	819
02073831	820
02074726	821
02075296	822
02075612	823
02075927	824
02076196	825
02076779	826
02077923	827
02079389	828
02079851	829
02080146	830
02080415	831
02080713	832
02081060	833
02081571	834
02082056	835
02082791	836
02083346	837
02084071	838
02084732	839
02084861	840
02085374	841
02087122	842
02087551	843
02089555	844
02092468	845
02096756	846
02097047	847
02098550	848
02099029	849
02099997	850
02100236	851
02100399	852
02101108	853
02102605	854
02103406	855
02103841	856
02104523	857
02104882	858
02106966	859
02109811	860
02110341	861
02111626	862
02112497	863
02112826	864
02113335	865
02114100	866
02115335	867
02115913	868
02117135	869
02117900	870
02118333	871
02119022	872
02120079	873
02120997	874
02121620	875
02121808	876
02122298	877
02122580	878
02122725	879
02123242	880
02123597	881
02124623	882
02125311	883
02125689	884
02127052	885
02127808	886
02128385	887
02128757	888
02128925	889
02129165	890
02129604	891
02130308	892
02131653	893
02132136	894
02132580	895
02132788	896
02133704	897
02134084	898
02134971	899
02135220	900
02136103	901
02136285	902
02137549	903
02138441	904
02139199	905
02139671	906
02140491	907
02141306	908
02141713	909
02145424	910
02146700	911
02147591	912
02148512	913
02148835	914
02149420	915
02150482	916
02152740	917
02152881	918
02152991	919
02153203	920
02157206	921
02157285	922
02159955	923
02164464	924
02165456	925
02165877	926
02166229	927
02166567	928
02166826	929
02167151	930
02167820	931
02168699	932
02169497	933
02169974	934
02170400	935
02171453	936
02171869	937
02172182	938
02172870	939
02173373	940
02173784	941
02174355	942
02174659	943
02175569	944
02176261	945
02176747	946
02177972	947
02179012	948
02180233	949
02181235	950
02181724	951
02182045	952
02183857	953
02184720	954
02185167	955
02185481	956
02186153	957
02187554	958
02188699	959
02189363	960
02189670	961
02190166	962
02191273	963
02191773	964
02193009	965
02193163	966
02195526	967
02196119	968
02196344	969
02196896	970
02197185	971
02198532	972
02198859	973
02199170	974
02200198	975
02200509	976
02202287	977
02202678	978
02203592	979
02204722	980
02205219	981
02206270	982
02206856	983
02208280	984
02208498	985
02212062	986
02212602	987
02213107	988
02214660	989
02216740	990
02217563	991
02217839	992
02218134	993
02218371	994
02218713	995
02219486	996
02220055	997
02220225	998
02220518	999
02221820	1000
02223266	1001
02226183	1002
02226429	1003
02226821	1004
02227966	1005
02228341	1006
02229156	1007
02229544	1008
02231052	1009
02231487	1010
02233338	1011
02233943	1012
02234848	1013
02236896	1014
02237424	1015
02237581	1016
02237868	1017
02238235	1018
02238887	1019
02239528	1020
02240517	1021
02241008	1022
02241569	1023
02241799	1024
02243562	1025
02243878	1026
02244173	1027
02244515	1028
02246011	1029
02246628	1030
02247511	1031
02248368	1032
02248510	1033
02250822	1034
02251067	1035
02251233	1036
02251775	1037
02252226	1038
02253715	1039
02253913	1040
02254697	1041
02256172	1042
02256656	1043
02257284	1044
02257715	1045
02259212	1046
02259377	1047
02260421	1048
02261419	1049
02261757	1050
02262178	1051
02262449	1052
02263378	1053
02264021	1054
02264363	1055
02264591	1056
02264885	1057
02265330	1058
02266050	1059
02266269	1060
02266421	1061
02266864	1062
02268148	1063
02268443	1064
02269196	1065
02269340	1066
02270011	1067
02271897	1068
02272286	1069
02272552	1070
02274024	1071
02274259	1072
02274822	1073
02275560	1074
02275773	1075
02276078	1076
02276355	1077
02276749	1078
02276902	1079
02277094	1080
02277268	1081
02278024	1082
02278839	1083
02279257	1084
02279637	1085
02279972	1086
02281787	1087
02282903	1088
02283201	1089
02283951	1090
02285179	1091
02285548	1092
02286089	1093
02286425	1094
02287004	1095
02288789	1096
02289610	1097
02290340	1098
02290664	1099
02291220	1100
02291572	1101
02291748	1102
02292692	1103
02293352	1104
02295064	1105
02295870	1106
02296276	1107
02296612	1108
02297294	1109
02298541	1110
02299039	1111
02299378	1112
02299846	1113
02300173	1114
02300554	1115
02300797	1116
02301452	1117
02301935	1118
02302459	1119
02302620	1120
02303585	1121
02303777	1122
02304797	1123
02305407	1124
02305929	1125
02306433	1126
02308139	1127
02309337	1128
02309841	1129
02310000	1130
02310334	1131
02311060	1132
02313709	1133
02316707	1134
02319095	1135
02320127	1136
02321529	1137
02323449	1138
02323902	1139
02324045	1140
02324850	1141
02325366	1142
02325884	1143
02326432	1144
02327028	1145
02328429	1146
02328820	1147
02328942	1148
02329401	1149
02330245	1150
02331046	1151
02331309	1152
02332755	1153
02333546	1154
02338145	1155
02338449	1156
02338901	1157
02339376	1158
02339922	1159
02340186	1160
02340930	1161
02341288	1162
02341475	1163
02341974	1164
02342885	1165
02343772	1166
02344528	1167
02346627	1168
02346998	1169
02347744	1170
02348788	1171
02350105	1172
02350989	1173
02351870	1174
02353861	1175
02354162	1176
02354621	1177
02354781	1178
02355227	1179
02355477	1180
02357911	1181
02358091	1182
02359324	1183
02359915	1184
02360781	1185
02361337	1186
02362194	1187
02363005	1188
02363996	1189
02364520	1190
02366959	1191
02368116	1192
02368399	1193
02370806	1194
02371344	1195
02372584	1196
02372952	1197
02373336	1198
02374149	1199
02374451	1200
02376542	1201
02376791	1202
02376918	1203
02377480	1204
02377703	1205
02378415	1206
02378870	1207
02379430	1208
02381460	1209
02382204	1210
02382948	1211
02383231	1212
02384858	1213
02386310	1214
02386496	1215
02388143	1216
02388276	1217
02389346	1218
02389559	1219
02390015	1220
02390101	1221
02390454	1222
02391049	1223
02391994	1224
02393580	1225
02394477	1226
02395003	1227
02395406	1228
02395694	1229
02396427	1230
02396796	1231
02397529	1232
02397744	1233
02398521	1234
02399000	1235
02401031	1236
02402010	1237
02402175	1238
02402425	1239
02403003	1240
02403231	1241
02403325	1242
02403454	1243
02403920	1244
02404186	1245
02404573	1246
02404906	1247
02405101	1248
02405440	1249
02405577	1250
02406174	1251
02406432	1252
02406533	1253
02406749	1254
02407172	1255
02407390	1256
02407521	1257
02407959	1258
02408429	1259
02409202	1260
02409508	1261
02409870	1262
02410509	1263
02410702	1264
02411705	1265
02412440	1266
02413131	1267
02414578	1268
02415253	1269
02415435	1270
02415577	1271
02416104	1272
02416519	1273
02416964	1274
02417070	1275
02417534	1276
02418064	1277
02419796	1278
02423022	1279
02423589	1280
02424085	1281
02424305	1282
02424695	1283
02424909	1284
02425086	1285
02425228	1286
02425532	1287
02426813	1288
02427724	1289
02428349	1290
02429456	1291
02430045	1292
02431122	1293
02431337	1294
02431628	1295
02431785	1296
02431976	1297
02432291	1298
02432511	1299
02432704	1300
02432983	1301
02433546	1302
02433925	1303
02435853	1304
02437136	1305
02437616	1306
02438580	1307
02439033	1308
02439398	1309
02441326	1310
02441942	1311
02442845	1312
02443114	1313
02443484	1314
02443808	1315
02444819	1316
02445394	1317
02445715	1318
02446206	1319
02446352	1320
02446645	1321
02447021	1322
02447366	1323
02448318	1324
02448885	1325
02449183	1326
02449699	1327
02450034	1328
02450829	1329
02451415	1330
02451575	1331
02453108	1332
02453611	1333
02454379	1334
02454794	1335
02456275	1336
02456962	1337
02457408	1338
02457945	1339
02458135	1340
02460009	1341
02460451	1342
02460817	1343
02461128	1344
02461830	1345
02469914	1346
02470899	1347
02471300	1348
02471762	1349
02472293	1350
02472987	1351
02473307	1352
02474777	1353
02475078	1354
02476219	1355
02480153	1356
02480495	1357
02480855	1358
02481823	1359
02482650	1360
02483092	1361
02484322	1362
02484473	1363
02484975	1364
02486261	1365
02486410	1366
02487347	1367
02488291	1368
02488702	1369
02489589	1370
02490219	1371
02491107	1372
02492035	1373
02492356	1374
02492660	1375
02493509	1376
02493793	1377
02495242	1378
02496913	1379
02500267	1380
02502514	1381
02503127	1382
02503517	1383
02504770	1384
02505998	1385
02507649	1386
02508021	1387
02508213	1388
02508742	1389
02509197	1390
02509515	1391
02509815	1392
02510455	1393
02512053	1394
02512938	1395
02513560	1396
02515214	1397
02515713	1398
02517442	1399
02517938	1400
02518324	1401
02519148	1402
02519686	1403
02519862	1404
02520147	1405
02521646	1406
02522399	1407
02523110	1408
02523427	1409
02523877	1410
02524202	1411
02524524	1412
02525703	1413
02528163	1414
02529772	1415
02530421	1416
02531114	1417
02531625	1418
02532028	1419
02532602	1420
02533209	1421
02533545	1422
02534559	1423
02534734	1424
02535537	1425
02536165	1426
02536456	1427
02536864	1428
02537085	1429
02537319	1430
02538010	1431
02538216	1432
02538406	1433
02538985	1434
02539573	1435
02540412	1436
02540983	1437
02541687	1438
02542017	1439
02549989	1440
02550460	1441
02551668	1442
02553028	1443
02554730	1444
02555863	1445
02556846	1446
02557591	1447
02557749	1448
02557909	1449
02559383	1450
02559862	1451
02561108	1452
02561661	1453
02562315	1454
02562796	1455
02563182	1456
02563949	1457
02564403	1458
02564720	1459
02565072	1460
02565324	1461
02566109	1462
02566489	1463
02570838	1464
02571167	1465
02571810	1466
02572196	1467
02573249	1468
02573704	1469
02574271	1470
02574910	1471
02575325	1472
02575590	1473
02576223	1474
02576575	1475
02578233	1476
02578454	1477
02579557	1478
02580336	1479
02581108	1480
02581642	1481
02581957	1482
02583567	1483
02584145	1484
02584449	1485
02585872	1486
02586543	1487
02587300	1488
02588286	1489
02590495	1490
02590702	1491
02590987	1492
02592371	1493
02593019	1494
02594250	1495
02596067	1496
02596252	1497
02596381	1498
02597367	1499
02598573	1500
02599052	1501
02599557	1502
02599958	1503
02600298	1504
02600503	1505
02600798	1506
02601344	1507
02601767	1508
02601921	1509
02602059	1510
02604157	1511
02604954	1512
02605316	1513
02606384	1514
02607072	1515
02607862	1516
02610664	1517
02610980	1518
02614978	1519
02615298	1520
02619165	1521
02619861	1522
02620578	1523
02621258	1524
02621908	1525
02622955	1526
02624167	1527
02624551	1528
02625612	1529
02625851	1530
02626265	1531
02626762	1532
02627292	1533
02627532	1534
02627835	1535
02628259	1536
02630739	1537
02631041	1538
02635580	1539
02636170	1540
02636854	1541
02638596	1542
02639087	1543
02639605	1544
02640242	1545
02640626	1546
02640857	1547
02641379	1548
02642107	1549
02642644	1550
02643112	1551
02643316	1552
02644113	1553
02646667	1554
02648625	1555
02649218	1556
02650050	1557
02650541	1558
02652132	1559
02652668	1560
02653145	1561
02653497	1562
02653786	1563
02654425	1564
02655020	1565
02655523	1566
02656670	1567
02657368	1568
02658079	1569
02658531	1570
02659478	1571
02659808	1572
02661017	1573
02663211	1574
02663849	1575
02666943	1576
02668393	1577
02669723	1578
02670186	1579
02670382	1580
02670683	1581
02671780	1582
02672371	1583
02672831	1584
02675077	1585
02676261	1586
02677028	1587
02677718	1588
02678384	1589
02679142	1590
02679257	1591
02680754	1592
02682922	1593
02683558	1594
02684649	1595
02685365	1596
02685995	1597
02686379	1598
02686568	1599
02687172	1600
02687821	1601
02687992	1602
02688443	1603
02690373	1604
02691156	1605
02692232	1606
02692513	1607
02693246	1608
02694426	1609
02696165	1610
02700064	1611
02700258	1612
02701002	1613
02703275	1614
02704949	1615
02705944	1616
02708224	1617
02708711	1618
02709367	1619
02710429	1620
02713218	1621
02714315	1622
02714535	1623
02715229	1624
02715513	1625
02715712	1626
02726017	1627
02726305	1628
02726681	1629
02727825	1630
02728440	1631
02729837	1632
02729965	1633
02730265	1634
02730568	1635
02731398	1636
02731629	1637
02732072	1638
02732827	1639
02733524	1640
02735688	1641
02738031	1642
02738535	1643
02738741	1644
02739668	1645
02739889	1646
02740300	1647
02740533	1648
02740764	1649
02742322	1650
02742468	1651
02746365	1652
02747177	1653
02748183	1654
02749169	1655
02749479	1656
02752496	1657
02752615	1658
02753044	1659
02754103	1660
02755352	1661
02755529	1662
02756098	1663
02757462	1664
02757810	1665
02758960	1666
02759963	1667
02760429	1668
02760658	1669
02760855	1670
02761392	1671
02761557	1672
02761696	1673
02761834	1674
02763714	1675
02764044	1676
02764398	1677
02764614	1678
02764779	1679
02765028	1680
02766320	1681
02766534	1682
02766792	1683
02767433	1684
02767956	1685
02768433	1686
02769075	1687
02769290	1688
02769748	1689
02770078	1690
02770830	1691
02772554	1692
02773037	1693
02773838	1694
02774152	1695
02774630	1696
02775039	1697
02775483	1698
02776205	1699
02776631	1700
02777100	1701
02777734	1702
02777927	1703
02778669	1704
02782093	1705
02782778	1706
02783994	1707
02784998	1708
02785648	1709
02788148	1710
02789487	1711
02792552	1712
02793495	1713
02794156	1714
02794779	1715
02795169	1716
02795670	1717
02796412	1718
02796623	1719
02796995	1720
02797295	1721
02797692	1722
02799175	1723
02799323	1724
02799897	1725
02800497	1726
02801525	1727
02801823	1728
02801938	1729
02802215	1730
02802544	1731
02802721	1732
02803349	1733
02803934	1734
02804252	1735
02804515	1736
02804610	1737
02806088	1738
02807731	1739
02808440	1740
02810471	1741
02811719	1742
02811936	1743
02812201	1744
02814533	1745
02814774	1746
02814860	1747
02815950	1748
02817031	1749
02817650	1750
02817799	1751
02818832	1752
02820210	1753
02821627	1754
02822220	1755
02822399	1756
02822579	1757
02822865	1758
02823124	1759
02824448	1760
02825442	1761
02827606	1762
02828427	1763
02828884	1764
02830157	1765
02831595	1766
02831724	1767
02831998	1768
02833140	1769
02833793	1770
02834778	1771
02835271	1772
02835915	1773
02836035	1774
02836607	1775
02837789	1776
02838014	1777
02838728	1778
02839910	1779
02840619	1780
02841315	1781
02844307	1782
02844714	1783
02846141	1784
02848216	1785
02848523	1786
02849154	1787
02850732	1788
02851099	1789
02852173	1790
02853016	1791
02854739	1792
02854926	1793
02855089	1794
02855925	1795
02858304	1796
02859184	1797
02860847	1798
02861022	1799
02861509	1800
02862048	1801
02863536	1802
02863750	1803
02864593	1804
02865665	1805
02865931	1806
02866578	1807
02867715	1808
02869249	1809
02869563	1810
02869837	1811
02871963	1812
02872333	1813
02872529	1814
02872752	1815
02873623	1816
02873839	1817
02875436	1818
02876657	1819
02878222	1820
02880546	1821
02880940	1822
02881193	1823
02881757	1824
02882483	1825
02882647	1826
02883205	1827
02883344	1828
02885338	1829
02885882	1830
02886599	1831
02887209	1832
02887489	1833
02887970	1834
02888569	1835
02889425	1836
02889996	1837
02890804	1838
02890940	1839
02891188	1840
02891788	1841
02892392	1842
02892767	1843
02894605	1844
02895154	1845
02896442	1846
02898711	1847
02899439	1848
02900160	1849
02900705	1850
02901481	1851
02902079	1852
02902816	1853
02903204	1854
02906734	1855
02907082	1856
02908217	1857
02909870	1858
02910353	1859
02910864	1860
02911332	1861
02911485	1862
02912065	1863
02913152	1864
02914991	1865
02916350	1866
02916936	1867
02917377	1868
02918595	1869
02919414	1870
02919648	1871
02920369	1872
02920503	1873
02921884	1874
02922159	1875
02922292	1876
02923129	1877
02924116	1878
02925519	1879
02928413	1880
02928608	1881
02930766	1882
02931417	1883
02932019	1884
02932523	1885
02932891	1886
02933112	1887
02933462	1888
02933990	1889
02934168	1890
02935017	1891
02935387	1892
02935658	1893
02936281	1894
02936714	1895
02937336	1896
02938886	1897
02939866	1898
02942699	1899
02943241	1900
02944579	1901
02944826	1902
02945161	1903
02946348	1904
02946921	1905
02948072	1906
02948557	1907
02949542	1908
02950018	1909
02950256	1910
02950482	1911
02950632	1912
02950826	1913
02951358	1914
02951843	1915
02952109	1916
02953197	1917
02953673	1918
02954163	1919
02954340	1920
02955065	1921
02955247	1922
02955540	1923
02955767	1924
02958343	1925
02959942	1926
02960690	1927
02961035	1928
02962200	1929
02962938	1930
02963159	1931
02963302	1932
02963821	1933
02964634	1934
02965300	1935
02965783	1936
02967407	1937
02967782	1938
02968473	1939
02969886	1940
02970408	1941
02970534	1942
02970685	1943
02970849	1944
02971691	1945
02971940	1946
02973017	1947
02973236	1948
02974003	1949
02974697	1950
02975212	1951
02976641	1952
02976939	1953
02977058	1954
02977438	1955
02977619	1956
02978205	1957
02980441	1958
02980625	1959
02981911	1960
02982232	1961
02982599	1962
02983507	1963
02984061	1964
02984699	1965
02985137	1966
02986348	1967
02987047	1968
02987492	1969
02988486	1970
02988679	1971
02991048	1972
02991302	1973
02992032	1974
02992529	1975
02993546	1976
02995345	1977
02995998	1978
02997607	1979
02999410	1980
03000247	1981
03001282	1982
03001627	1983
03003091	1984
03004824	1985
03005619	1986
03006626	1987
03007130	1988
03007591	1989
03009269	1990
03010473	1991
03013580	1992
03013850	1993
03014440	1994
03014705	1995
03015254	1996
03016953	1997
03017070	1998
03017168	1999
03020034	2000
03020692	2001
03024064	2002
03024518	2003
03027250	2004
03028079	2005
03031422	2006
03031756	2007
03032252	2008
03032811	2009
03033362	2010
03033986	2011
03034663	2012
03035252	2013
03036341	2014
03036469	2015
03036866	2016
03037709	2017
03038281	2018
03038685	2019
03039947	2020
03040229	2021
03042490	2022
03042697	2023
03042829	2024
03042984	2025
03043274	2026
03043958	2027
03044671	2028
03044934	2029
03045074	2030
03045337	2031
03046257	2032
03046921	2033
03047941	2034
03048883	2035
03049066	2036
03049457	2037
03050026	2038
03050655	2039
03051249	2040
03051540	2041
03052464	2042
03054605	2043
03054901	2044
03055159	2045
03055670	2046
03057021	2047
03058107	2048
03058603	2049
03058949	2050
03059366	2051
03060728	2052
03061050	2053
03061505	2054
03061674	2055
03062651	2056
03063073	2057
03063689	2058
03064758	2059
03064935	2060
03065424	2061
03065708	2062
03067339	2063
03068181	2064
03070193	2065
03071552	2066
03072201	2067
03072440	2068
03073977	2069
03074855	2070
03075097	2071
03075768	2072
03076411	2073
03076708	2074
03077616	2075
03077741	2076
03078287	2077
03079136	2078
03079230	2079
03079741	2080
03082127	2081
03082807	2082
03082979	2083
03084420	2084
03085333	2085
03085602	2086
03085915	2087
03087366	2088
03087643	2089
03088580	2090
03088707	2091
03091374	2092
03091907	2093
03092656	2094
03093792	2095
03094503	2096
03096960	2097
03098140	2098
03098806	2099
03099454	2100
03099945	2101
03100346	2102
03100490	2103
03100897	2104
03101156	2105
03101796	2106
03101986	2107
03102371	2108
03102654	2109
03102859	2110
03103128	2111
03105810	2112
03106722	2113
03108853	2114
03109693	2115
03109881	2116
03110669	2117
03111690	2118
03112719	2119
03112869	2120
03113152	2121
03113657	2122
03113835	2123
03114839	2124
03115180	2125
03116530	2126
03116767	2127
03117199	2128
03118346	2129
03118969	2130
03119203	2131
03119510	2132
03120198	2133
03120491	2134
03120778	2135
03121897	2136
03122295	2137
03122748	2138
03123553	2139
03125057	2140
03125870	2141
03126385	2142
03126580	2143
03127024	2144
03127925	2145
03128519	2146
03132076	2147
03132261	2148
03134853	2149
03137579	2150
03138344	2151
03138669	2152
03139089	2153
03141065	2154
03141702	2155
03142431	2156
03142679	2157
03144156	2158
03144873	2159
03145843	2160
03146219	2161
03146342	2162
03146846	2163
03147509	2164
03148324	2165
03150232	2166
03150795	2167
03151077	2168
03154073	2169
03154446	2170
03156071	2171
03156405	2172
03158885	2173
03159640	2174
03160309	2175
03161450	2176
03163222	2177
03163798	2178
03163973	2179
03170635	2180
03171228	2181
03171356	2182
03172965	2183
03175081	2184
03175189	2185
03175604	2186
03176386	2187
03176594	2188
03176763	2189
03177165	2190
03179701	2191
03180504	2192
03180969	2193
03181293	2194
03183080	2195
03186818	2196
03187268	2197
03187595	2198
03187751	2199
03189083	2200
03191561	2201
03191776	2202
03193597	2203
03194812	2204
03195485	2205
03196324	2206
03196598	2207
03196990	2208
03197446	2209
03199647	2210
03199775	2211
03199901	2212
03200357	2213
03200701	2214
03201638	2215
03201776	2216
03202760	2217
03202940	2218
03204306	2219
03204558	2220
03204955	2221
03206405	2222
03206718	2223
03206908	2224
03207305	2225
03208556	2226
03209666	2227
03209910	2228
03210683	2229
03211117	2230
03211789	2231
03212811	2232
03213014	2233
03213826	2234
03214253	2235
03216199	2236
03216828	2237
03218198	2238
03220692	2239
03221720	2240
03222516	2241
03222722	2242
03224893	2243
03225108	2244
03225777	2245
03228016	2246
03229244	2247
03231160	2248
03233905	2249
03234164	2250
03235796	2251
03236217	2252
03236423	2253
03236735	2254
03237416	2255
03237639	2256
03238131	2257
03239054	2258
03239259	2259
03239726	2260
03240140	2261
03241093	2262
03243218	2263
03243625	2264
03244388	2265
03246454	2266
03247083	2267
03249342	2268
03249569	2269
03250089	2270
03250588	2271
03251533	2272
03251766	2273
03256166	2274
03257586	2275
03259505	2276
03261776	2277
03262519	2278
03265032	2279
03266749	2280
03268790	2281
03269203	2282
03269401	2283
03270165	2284
03271574	2285
03272383	2286
03273061	2287
03273551	2288
03273740	2289
03273913	2290
03274561	2291
03275681	2292
03276179	2293
03277771	2294
03278248	2295
03279153	2296
03281145	2297
03282060	2298
03283827	2299
03284482	2300
03284743	2301
03285912	2302
03286572	2303
03287733	2304
03288003	2305
03290195	2306
03291551	2307
03292362	2308
03292736	2309
03294048	2310
03294604	2311
03294833	2312
03295140	2313
03295928	2314
03297735	2315
03302938	2316
03305522	2317
03308152	2318
03309465	2319
03309808	2320
03314378	2321
03314608	2322
03315644	2323
03315805	2324
03316105	2325
03316406	2326
03318294	2327
03318983	2328
03319745	2329
03320046	2330
03320519	2331
03321103	2332
03321419	2333
03322570	2334
03322940	2335
03323703	2336
03324928	2337
03325088	2338
03325288	2339
03325941	2340
03326073	2341
03326795	2342
03326948	2343
03327234	2344
03327691	2345
03327841	2346
03328201	2347
03330947	2348
03331599	2349
03333349	2350
03334017	2351
03335030	2352
03336575	2353
03336839	2354
03337140	2355
03338287	2356
03338821	2357
03339296	2358
03339643	2359
03340723	2360
03341297	2361
03343354	2362
03343560	2363
03343853	2364
03344935	2365
03345837	2366
03346135	2367
03346455	2368
03347472	2369
03350204	2370
03350602	2371
03351151	2372
03351262	2373
03351434	2374
03351979	2375
03352628	2376
03352961	2377
03353281	2378
03354903	2379
03355468	2380
03357081	2381
03357716	2382
03358172	2383
03358726	2384
03359566	2385
03365374	2386
03365592	2387
03365991	2388
03366721	2389
03366823	2390
03372029	2391
03374102	2392
03374473	2393
03376279	2394
03376595	2395
03378005	2396
03379204	2397
03379828	2398
03380867	2399
03381126	2400
03381776	2401
03384891	2402
03385557	2403
03386011	2404
03387323	2405
03387653	2406
03390327	2407
03390983	2408
03391301	2409
03391770	2410
03393017	2411
03393324	2412
03393912	2413
03394480	2414
03395859	2415
03396654	2416
03400231	2417
03401721	2418
03402188	2419
03402941	2420
03404449	2421
03404900	2422
03405265	2423
03405595	2424
03405725	2425
03407369	2426
03408054	2427
03409393	2428
03409591	2429
03409920	2430
03410022	2431
03410740	2432
03412220	2433
03412906	2434
03413428	2435
03414162	2436
03415252	2437
03417749	2438
03418242	2439
03419014	2440
03421768	2441
03422072	2442
03422589	2443
03424630	2444
03424862	2445
03425595	2446
03426574	2447
03427202	2448
03427296	2449
03429288	2450
03429771	2451
03429914	2452
03430091	2453
03430551	2454
03430959	2455
03431243	2456
03431570	2457
03431745	2458
03432129	2459
03433247	2460
03433877	2461
03436990	2462
03437430	2463
03437581	2464
03438257	2465
03439814	2466
03441112	2467
03441345	2468
03442756	2469
03443543	2470
03443912	2471
03446070	2472
03446268	2473
03446832	2474
03448590	2475
03449564	2476
03450230	2477
03450516	2478
03452741	2479
03454211	2480
03454536	2481
03455355	2482
03455488	2483
03456024	2484
03456186	2485
03456665	2486
03457451	2487
03457686	2488
03457902	2489
03459775	2490
03459914	2491
03461385	2492
03462747	2493
03463381	2494
03466162	2495
03467517	2496
03467984	2497
03469175	2498
03469493	2499
03470222	2500
03470387	2501
03471779	2502
03472232	2503
03472796	2504
03473227	2505
03473465	2506
03473817	2507
03473966	2508
03474167	2509
03474896	2510
03475823	2511
03476083	2512
03478589	2513
03478907	2514
03479397	2515
03481172	2516
03481521	2517
03482405	2518
03482523	2519
03483316	2520
03483637	2521
03484083	2522
03484576	2523
03485794	2524
03487090	2525
03488188	2526
03488438	2527
03488603	2528
03489162	2529
03490324	2530
03490449	2531
03490884	2532
03491724	2533
03491988	2534
03492250	2535
03492542	2536
03494278	2537
03494706	2538
03495671	2539
03496612	2540
03496892	2541
03497657	2542
03499468	2543
03500557	2544
03501152	2545
03501288	2546
03501520	2547
03501614	2548
03502331	2549
03502509	2550
03503718	2551
03503997	2552
03504723	2553
03507241	2554
03508101	2555
03510072	2556
03510583	2557
03511175	2558
03512147	2559
03512911	2560
03513137	2561
03513376	2562
03514129	2563
03515934	2564
03516996	2565
03518631	2566
03519081	2567
03521076	2568
03522634	2569
03522863	2570
03524574	2571
03525074	2572
03525252	2573
03525454	2574
03525693	2575
03525827	2576
03528263	2577
03528523	2578
03528901	2579
03529629	2580
03530910	2581
03531281	2582
03532342	2583
03532672	2584
03533486	2585
03533654	2586
03534695	2587
03534776	2588
03536122	2589
03536568	2590
03536761	2591
03537412	2592
03538037	2593
03538634	2594
03540267	2595
03540595	2596
03541091	2597
03541393	2598
03541696	2599
03542333	2600
03542860	2601
03543394	2602
03544360	2603
03545150	2604
03545961	2605
03546340	2606
03547054	2607
03548626	2608
03550153	2609
03550420	2610
03551084	2611
03553248	2612
03553486	2613
03554460	2614
03557360	2615
03558176	2616
03559999	2617
03560430	2618
03561169	2619
03563200	2620
03563710	2621
03563967	2622
03565565	2623
03566329	2624
03566555	2625
03567066	2626
03568117	2627
03569293	2628
03571439	2629
03574555	2630
03574816	2631
03575958	2632
03576215	2633
03577090	2634
03578055	2635
03578656	2636
03579538	2637
03579982	2638
03581125	2639
03583621	2640
03584254	2641
03584829	2642
03585073	2643
03585438	2644
03585875	2645
03588951	2646
03589791	2647
03590306	2648
03592245	2649
03593526	2650
03594277	2651
03594734	2652
03594945	2653
03595614	2654
03595860	2655
03596285	2656
03597317	2657
03598151	2658
03600285	2659
03600977	2660
03601638	2661
03603722	2662
03604629	2663
03604843	2664
03605722	2665
03605915	2666
03610098	2667
03610682	2668
03612814	2669
03612965	2670
03613294	2671
03613592	2672
03614007	2673
03614532	2674
03616428	2675
03616763	2676
03617095	2677
03617594	2678
03619396	2679
03619650	2680
03619793	2681
03619890	2682
03620052	2683
03621049	2684
03622058	2685
03622526	2686
03623338	2687
03623556	2688
03624134	2689
03625355	2690
03625943	2691
03627232	2692
03630262	2693
03631177	2694
03632963	2695
03633091	2696
03634034	2697
03636248	2698
03636649	2699
03638883	2700
03639077	2701
03639497	2702
03639675	2703
03643907	2704
03644378	2705
03646296	2706
03646809	2707
03646916	2708
03648219	2709
03649909	2710
03652932	2711
03654576	2712
03654826	2713
03655072	2714
03655720	2715
03656484	2716
03657239	2717
03658858	2718
03659292	2719
03659809	2720
03661340	2721
03662719	2722
03662887	2723
03663433	2724
03663531	2725
03664675	2726
03664943	2727
03665366	2728
03665924	2729
03666362	2730
03666591	2731
03667829	2732
03669886	2733
03670208	2734
03673027	2735
03673450	2736
03673767	2737
03674440	2738
03676483	2739
03677766	2740
03679384	2741
03679712	2742
03681477	2743
03682487	2744
03683708	2745
03684740	2746
03684823	2747
03685307	2748
03686130	2749
03686470	2750
03688192	2751
03688943	2752
03689157	2753
03690938	2754
03691459	2755
03693474	2756
03694639	2757
03695122	2758
03696065	2759
03699975	2760
03700963	2761
03701391	2762
03701640	2763
03703590	2764
03705379	2765
03706415	2766
03706653	2767
03707597	2768
03707766	2769
03708036	2770
03708962	2771
03709206	2772
03709644	2773
03710721	2774
03714235	2775
03718458	2776
03718581	2777
03719053	2778
03719343	2779
03722007	2780
03722288	2781
03724417	2782
03724756	2783
03724870	2784
03725035	2785
03726233	2786
03726760	2787
03728437	2788
03730153	2789
03730893	2790
03731695	2791
03732114	2792
03733925	2793
03735637	2794
03736970	2795
03738241	2796
03738472	2797
03739518	2798
03739693	2799
03743016	2800
03743902	2801
03744276	2802
03744684	2803
03744840	2804
03746330	2805
03746486	2806
03748162	2807
03749807	2808
03750614	2809
03751065	2810
03751590	2811
03753077	2812
03758089	2813
03759954	2814
03760310	2815
03760671	2816
03761084	2817
03762434	2818
03762982	2819
03763727	2820
03763968	2821
03764276	2822
03764822	2823
03765561	2824
03766322	2825
03767459	2826
03768132	2827
03769881	2828
03770085	2829
03770679	2830
03772077	2831
03772269	2832
03773035	2833
03773504	2834
03775199	2835
03776460	2836
03777126	2837
03777568	2838
03778817	2839
03779370	2840
03780047	2841
03781244	2842
03781787	2843
03782190	2844
03785142	2845
03785499	2846
03786194	2847
03786313	2848
03787523	2849
03788195	2850
03788498	2851
03788601	2852
03789603	2853
03789946	2854
03790230	2855
03790512	2856
03790755	2857
03791053	2858
03791235	2859
03792048	2860
03792334	2861
03792782	2862
03794136	2863
03795976	2864
03796605	2865
03799375	2866
03800933	2867
03802007	2868
03802393	2869
03803116	2870
03804744	2871
03809686	2872
03811295	2873
03812924	2874
03813176	2875
03815278	2876
03815482	2877
03815615	2878
03816136	2879
03817647	2880
03819595	2881
03819994	2882
03820318	2883
03820728	2884
03820950	2885
03824284	2886
03824381	2887
03825080	2888
03834040	2889
03834604	2890
03836062	2891
03836451	2892
03837422	2893
03838298	2894
03838899	2895
03839795	2896
03841143	2897
03841666	2898
03842156	2899
03842377	2900
03843555	2901
03844045	2902
03844550	2903
03845190	2904
03846100	2905
03846234	2906
03846772	2907
03847823	2908
03848348	2909
03851341	2910
03851787	2911
03852280	2912
03852688	2913
03854065	2914
03854815	2915
03857828	2916
03859000	2917
03859280	2918
03859495	2919
03859958	2920
03862676	2921
03863262	2922
03863923	2923
03865371	2924
03865949	2925
03868044	2926
03868863	2927
03870105	2928
03870672	2929
03871083	2930
03873699	2931
03875218	2932
03877472	2933
03877845	2934
03878066	2935
03878963	2936
03879705	2937
03880129	2938
03880323	2939
03880531	2940
03882611	2941
03883664	2942
03884778	2943
03885028	2944
03885535	2945
03886053	2946
03887185	2947
03888257	2948
03888605	2949
03890514	2950
03891051	2951
03894379	2952
03895866	2953
03896103	2954
03896233	2955
03897943	2956
03898633	2957
03899100	2958
03899612	2959
03899768	2960
03902220	2961
03903424	2962
03903868	2963
03904183	2964
03905730	2965
03906590	2966
03906997	2967
03907654	2968
03907908	2969
03908204	2970
03909160	2971
03911866	2972
03912218	2973
03913343	2974
03914583	2975
03915437	2976
03916031	2977
03916470	2978
03916720	2979
03918480	2980
03918737	2981
03919096	2982
03924069	2983
03924407	2984
03926148	2985
03928116	2986
03928589	2987
03928814	2988
03929202	2989
03929660	2990
03932670	2991
03936269	2992
03940256	2993
03941684	2994
03943115	2995
03945615	2996
03947111	2997
03947888	2998
03948459	2999
03948950	3000
03950899	3001
03951971	3002
03953020	3003
03953416	3004
03954731	3005
03955296	3006
03956331	3007
03956922	3008
03958752	3009
03959701	3010
03961939	3011
03962525	3012
03963028	3013
03963294	3014
03963483	3015
03963645	3016
03965456	3017
03966751	3018
03966976	3019
03967396	3020
03967562	3021
03967942	3022
03970156	3023
03970363	3024
03972524	3025
03973628	3026
03975035	3027
03976268	3028
03976467	3029
03976657	3030
03977966	3031
03978421	3032
03979377	3033
03980026	3034
03981566	3035
03982430	3036
03984381	3037
03985232	3038
03986949	3039
03988170	3040
03989898	3041
03990474	3042
03991202	3043
03992703	3044
03993180	3045
03993403	3046
03994008	3047
03994417	3048
03995535	3049
03996145	3050
03996416	3051
03997484	3052
03999992	3053
04003241	3054
04004210	3055
04004475	3056
04004767	3057
04005630	3058
04008385	3059
04008634	3060
04009552	3061
04010779	3062
04010927	3063
04011827	3064
04012084	3065
04012482	3066
04013729	3067
04014297	3068
04015204	3069
04016240	3070
04016576	3071
04018155	3072
04018399	3073
04018667	3074
04019101	3075
04019335	3076
04019696	3077
04020298	3078
04021503	3079
04021798	3080
04022434	3081
04023249	3082
04026053	3083
04026813	3084
04027023	3085
04027367	3086
04029734	3087
04030965	3088
04031884	3089
04033287	3090
04033995	3091
04034262	3092
04037443	3093
04038440	3094
04038727	3095
04039041	3096
04039381	3097
04039848	3098
04041069	3099
04041544	3100
04043411	3101
04043733	3102
04044498	3103
04044716	3104
04045941	3105
04046974	3106
04047401	3107
04049405	3108
04050066	3109
04050600	3110
04051549	3111
04051825	3112
04052757	3113
04055180	3114
04055861	3115
04056932	3116
04057047	3117
04058096	3118
04058239	3119
04059157	3120
04059298	3121
04060647	3122
04060904	3123
04061969	3124
04062179	3125
04062644	3126
04062807	3127
04063373	3128
04063868	3129
04064401	3130
04065272	3131
04065464	3132
04066023	3133
04066476	3134
04067472	3135
04068441	3136
04068601	3137
04069276	3138
04070727	3139
04071102	3140
04071393	3141
04072193	3142
04072551	3143
04072960	3144
04073948	3145
04076713	3146
04077430	3147
04077594	3148
04077734	3149
04079244	3150
04079933	3151
04080454	3152
04081281	3153
04081844	3154
04082886	3155
04085017	3156
04085873	3157
04086273	3158
04086794	3159
04088797	3160
04089152	3161
04089666	3162
04090263	3163
04091097	3164
04091693	3165
04092168	3166
04093625	3167
04096066	3168
04096733	3169
04096848	3170
04097866	3171
04098513	3172
04099175	3173
04099429	3174
04099969	3175
04100174	3176
04101701	3177
04102406	3178
04103918	3179
04105068	3180
04105438	3181
04105893	3182
04107984	3183
04108268	3184
04110439	3185
04110654	3186
04110955	3187
04111190	3188
04111668	3189
04112252	3190
04112752	3191
04113765	3192
04114069	3193
04115456	3194
04117216	3195
04118021	3196
04118776	3197
04120842	3198
04121511	3199
04122825	3200
04123567	3201
04123740	3202
04124202	3203
04125257	3204
04125853	3205
04127633	3206
04127904	3207
04128499	3208
04128837	3209
04131015	3210
04131208	3211
04133789	3212
04137444	3213
04138977	3214
04139859	3215
04140064	3216
04141975	3217
04143140	3218
04143897	3219
04146050	3220
04146614	3221
04147495	3222
04148054	3223
04149083	3224
04149374	3225
04151581	3226
04151940	3227
04152387	3228
04152593	3229
04153751	3230
04154152	3231
04157099	3232
04157320	3233
04160036	3234
04160372	3235
04160586	3236
04161358	3237
04161981	3238
04162706	3239
04166281	3240
04169437	3241
04170037	3242
04170515	3243
04171459	3244
04171629	3245
04171831	3246
04172107	3247
04172342	3248
04173172	3249
04175147	3250
04176068	3251
04176528	3252
04178329	3253
04181228	3254
04181718	3255
04183217	3256
04184095	3257
04184435	3258
04185071	3259
04186051	3260
04186455	3261
04186848	3262
04187061	3263
04187233	3264
04187547	3265
04189651	3266
04190052	3267
04190464	3268
04190747	3269
04191150	3270
04191595	3271
04191943	3272
04192698	3273
04192858	3274
04194289	3275
04196080	3276
04196803	3277
04197391	3278
04198797	3279
04199027	3280
04201297	3281
04201733	3282
04202417	3283
04204755	3284
04205318	3285
04206356	3286
04208210	3287
04209239	3288
04209613	3289
04209811	3290
04210390	3291
04211001	3292
04211356	3293
04211528	3294
04216634	3295
04216963	3296
04217546	3297
04217882	3298
04218564	3299
04219424	3300
04222847	3301
04226322	3302
04226537	3303
04229959	3304
04230808	3305
04231693	3306
04232153	3307
04232312	3308
04233124	3309
04234455	3310
04235291	3311
04236001	3312
04236377	3313
04238128	3314
04238321	3315
04241042	3316
04241249	3317
04241394	3318
04242704	3319
04243142	3320
04243941	3321
04244997	3322
04246855	3323
04247011	3324
04248209	3325
04248851	3326
04249415	3327
04250224	3328
04250850	3329
04254777	3330
04256520	3331
04257223	3332
04257790	3333
04257986	3334
04259468	3335
04261116	3336
04262161	3337
04262678	3338
04263760	3339
04264914	3340
04266162	3341
04267577	3342
04268142	3343
04269086	3344
04270147	3345
04270891	3346
04272054	3347
04273064	3348
04275661	3349
04277493	3350
04278605	3351
04280970	3352
04281375	3353
04283378	3354
04284002	3355
04285008	3356
04285146	3357
04285622	3358
04285803	3359
04285965	3360
04286128	3361
04288272	3362
04289027	3363
04289690	3364
04290259	3365
04292572	3366
04293119	3367
04293258	3368
04294212	3369
04294426	3370
04294614	3371
04295081	3372
04295881	3373
04296562	3374
04300358	3375
04301474	3376
04302988	3377
04304375	3378
04305016	3379
04305323	3380
04306847	3381
04307419	3382
04308583	3383
04309049	3384
04309348	3385
04310018	3386
04311595	3387
04313220	3388
04314522	3389
04314914	3390
04315948	3391
04317420	3392
04318131	3393
04322026	3394
04323819	3395
04326896	3396
04328329	3397
04328946	3398
04329477	3399
04330340	3400
04331277	3401
04332243	3402
04333129	3403
04335435	3404
04335693	3405
04338517	3406
04339638	3407
04340750	3408
04340935	3409
04341133	3410
04341414	3411
04341686	3412
04346679	3413
04347119	3414
04347519	3415
04347754	3416
04348184	3417
04348359	3418
04350458	3419
04350905	3420
04355821	3421
04356056	3422
04356595	3423
04356925	3424
04357121	3425
04357314	3426
04357930	3427
04359335	3428
04359589	3429
04360501	3430
04361095	3431
04363991	3432
04364545	3433
04364827	3434
04365484	3435
04365751	3436
04366116	3437
04366367	3438
04367011	3439
04367480	3440
04368496	3441
04369025	3442
04370048	3443
04370288	3444
04370456	3445
04370774	3446
04371430	3447
04371563	3448
04371774	3449
04371979	3450
04372370	3451
04373894	3452
04374735	3453
04375926	3454
04376400	3455
04376876	3456
04377057	3457
04379243	3458
04380346	3459
04381994	3460
04383130	3461
04384593	3462
04385079	3463
04387706	3464
04388743	3465
04389033	3466
04390873	3467
04390977	3468
04391838	3469
04392526	3470
04392764	3471
04393095	3472
04395332	3473
04395875	3474
04398497	3475
04399537	3476
04400289	3477
04400499	3478
04401088	3479
04401680	3480
04402057	3481
04402580	3482
04402746	3483
04402984	3484
04403638	3485
04404200	3486
04404412	3487
04404997	3488
04405540	3489
04405907	3490
04407435	3491
04407686	3492
04408871	3493
04411264	3494
04412097	3495
04412416	3496
04413151	3497
04413419	3498
04414476	3499
04416901	3500
04417086	3501
04417180	3502
04417809	3503
04418357	3504
04418644	3505
04419073	3506
04421872	3507
04422875	3508
04425977	3509
04432662	3510
04433585	3511
04434932	3512
04435870	3513
04437953	3514
04438304	3515
04441528	3516
04443257	3517
04443433	3518
04444749	3519
04445327	3520
04445952	3521
04446162	3522
04446276	3523
04446844	3524
04447028	3525
04447443	3526
04447861	3527
04449290	3528
04449966	3529
04450749	3530
04451818	3531
04452848	3532
04453910	3533
04455250	3534
04456472	3535
04457326	3536
04459122	3537
04459362	3538
04459610	3539
04460130	3540
04461696	3541
04463679	3542
04464852	3543
04467099	3544
04467307	3545
04467665	3546
04468005	3547
04469003	3548
04469813	3549
04471315	3550
04471632	3551
04472243	3552
04472726	3553
04474035	3554
04474187	3555
04474466	3556
04476116	3557
04476259	3558
04478512	3559
04478657	3560
04484432	3561
04487081	3562
04487724	3563
04489008	3564
04489817	3565
04490091	3566
04494204	3567
04495051	3568
04495843	3569
04497570	3570
04498523	3571
04500060	3572
04502197	3573
04502502	3574
04502670	3575
04502851	3576
04504770	3577
04505036	3578
04505470	3579
04506289	3580
04507155	3581
04508163	3582
04508489	3583
04508949	3584
04509417	3585
04509592	3586
04511002	3587
04516354	3588
04516672	3589
04517408	3590
04517823	3591
04518132	3592
04519153	3593
04519536	3594
04519887	3595
04520170	3596
04521987	3597
04523525	3598
04524313	3599
04524594	3600
04526520	3601
04526964	3602
04529962	3603
04530283	3604
04530566	3605
04531098	3606
04532106	3607
04534520	3608
04535524	3609
04536153	3610
04536866	3611
04538249	3612
04538552	3613
04538878	3614
04539053	3615
04540761	3616
04541662	3617
04543158	3618
04543772	3619
04545471	3620
04546855	3621
04547592	3622
04549919	3623
04550184	3624
04550676	3625
04551055	3626
04552348	3627
04552696	3628
04553389	3629
04553703	3630
04554211	3631
04554684	3632
04555291	3633
04555897	3634
04557308	3635
04558478	3636
04558804	3637
04559023	3638
04559451	3639
04560113	3640
04560292	3641
04561422	3642
04561734	3643
04562122	3644
04563204	3645
04565375	3646
04566257	3647
04566561	3648
04568069	3649
04568557	3650
04568841	3651
04570815	3652
04574999	3653
04576211	3654
04576971	3655
04577293	3656
04577769	3657
04580493	3658
04581595	3659
04581829	3660
04584207	3661
04585745	3662
04586932	3663
04587648	3664
04588739	3665
04590553	3666
04590746	3667
04591713	3668
04592099	3669
04592741	3670
04593866	3671
04594218	3672
04594489	3673
04595285	3674
04595762	3675
04595855	3676
04596852	3677
04597066	3678
04598582	3679
04599235	3680
04600486	3681
04600912	3682
04603729	3683
04603872	3684
04604806	3685
04605726	3686
04606574	3687
04608567	3688
04608923	3689
04609651	3690
04609811	3691
04610503	3692
04612840	3693
04613015	3694
04613158	3695
04613696	3696
04958634	3697
04959061	3698
04959672	3699
04960277	3700
04960582	3701
04961691	3702
04962062	3703
04962240	3704
04965179	3705
04965661	3706
04967191	3707
04968895	3708
04969242	3709
04969798	3710
04970059	3711
04970916	3712
04973386	3713
04973669	3714
04974340	3715
05233741	3716
05238282	3717
05244934	3718
05245192	3719
05399034	3720
05447757	3721
05448704	3722
05449959	3723
05451384	3724
05453657	3725
05526957	3726
05538625	3727
05541509	3728
05586759	3729
06254669	3730
06263369	3731
06263609	3732
06266417	3733
06267145	3734
06271778	3735
06272290	3736
06272803	3737
06274092	3738
06274921	3739
06275353	3740
06276697	3741
06276902	3742
06277280	3743
06359193	3744
06595351	3745
06596179	3746
06596364	3747
06613686	3748
06616216	3749
06883725	3750
07461050	3751
07556637	3752
07556872	3753
07556970	3754
07557165	3755
07557434	3756
07560193	3757
07560331	3758
07560422	3759
07560542	3760
07560652	3761
07560903	3762
07561112	3763
07561590	3764
07565259	3765
07566340	3766
07566863	3767
07567139	3768
07567390	3769
07567707	3770
07568095	3771
07569106	3772
07569423	3773
07569873	3774
07570720	3775
07572353	3776
07572957	3777
07573103	3778
07573696	3779
07574602	3780
07574923	3781
07575076	3782
07575510	3783
07577374	3784
07577538	3785
07577657	3786
07577772	3787
07578093	3788
07580053	3789
07581346	3790
07581775	3791
07582277	3792
07582441	3793
07582609	3794
07583197	3795
07584423	3796
07585208	3797
07588947	3798
07590320	3799
07590611	3800
07593774	3801
07594737	3802
07594840	3803
07595180	3804
07596684	3805
07597145	3806
07597365	3807
07598734	3808
07599998	3809
07600696	3810
07601809	3811
07605474	3812
07606278	3813
07606764	3814
07607707	3815
07609840	3816
07610295	3817
07611358	3818
07612632	3819
07612996	3820
07614500	3821
07618871	3822
07619004	3823
07619881	3824
07620145	3825
07620327	3826
07624466	3827
07624924	3828
07642471	3829
07642933	3830
07643026	3831
07643306	3832
07643981	3833
07650792	3834
07650903	3835
07651025	3836
07672914	3837
07678729	3838
07679356	3839
07680416	3840
07680932	3841
07681450	3842
07681926	3843
07682316	3844
07682624	3845
07683617	3846
07683786	3847
07684164	3848
07684600	3849
07685730	3850
07686021	3851
07686873	3852
07687211	3853
07687789	3854
07688412	3855
07689003	3856
07689217	3857
07690019	3858
07692614	3859
07693972	3860
07695965	3861
07696527	3862
07697100	3863
07697537	3864
07697825	3865
07703889	3866
07705931	3867
07707451	3868
07708512	3869
07708798	3870
07709333	3871
07709701	3872
07710007	3873
07710283	3874
07710616	3875
07710952	3876
07711080	3877
07711232	3878
07711569	3879
07711799	3880
07712382	3881
07712559	3882
07713074	3883
07713395	3884
07713895	3885
07714078	3886
07715561	3887
07715721	3888
07717070	3889
07718472	3890
07718747	3891
07719213	3892
07719437	3893
07719839	3894
07720277	3895
07720442	3896
07720615	3897
07721325	3898
07721456	3899
07721678	3900
07721942	3901
07722052	3902
07722217	3903
07722485	3904
07723039	3905
07723177	3906
07723330	3907
07723559	3908
07723753	3909
07724943	3910
07725376	3911
07725531	3912
07726095	3913
07726230	3914
07726386	3915
07726672	3916
07726796	3917
07728804	3918
07729225	3919
07729485	3920
07730406	3921
07730708	3922
07730855	3923
07731587	3924
07731767	3925
07731952	3926
07733217	3927
07733394	3928
07733712	3929
07733847	3930
07734017	3931
07734555	3932
07735179	3933
07735294	3934
07735510	3935
07735803	3936
07736087	3937
07736256	3938
07736371	3939
07736527	3940
07736692	3941
07736813	3942
07737081	3943
07739125	3944
07739506	3945
07742704	3946
07743224	3947
07743544	3948
07743723	3949
07743902	3950
07744057	3951
07744811	3952
07745197	3953
07745466	3954
07745661	3955
07746186	3956
07746334	3957
07746910	3958
07747055	3959
07747607	3960
07747811	3961
07747951	3962
07748574	3963
07748753	3964
07748912	3965
07749446	3966
07749582	3967
07749731	3968
07749969	3969
07750146	3970
07750299	3971
07750449	3972
07750586	3973
07751004	3974
07751451	3975
07752109	3976
07752264	3977
07753743	3978
07753980	3979
07754279	3980
07754684	3981
07754894	3982
07755089	3983
07755411	3984
07755707	3985
07755929	3986
07756096	3987
07756641	3988
07757132	3989
07757312	3990
07757602	3991
07758680	3992
07759816	3993
07760153	3994
07760859	3995
07761309	3996
07761611	3997
07762114	3998
07762244	3999
07762534	4000
07763290	4001
07763483	4002
07763629	4003
07763792	4004
07764315	4005
07764486	4006
07764630	4007
07764847	4008
07765208	4009
07765612	4010
07765728	4011
07765999	4012
07766173	4013
07766409	4014
07766530	4015
07767344	4016
07767847	4017
07768423	4018
07769306	4019
07769584	4020
07769731	4021
07769886	4022
07770180	4023
07770571	4024
07771539	4025
07772413	4026
07772788	4027
07772935	4028
07774182	4029
07774295	4030
07774479	4031
07774842	4032
07775197	4033
07783827	4034
07800091	4035
07800487	4036
07800740	4037
07801091	4038
07801892	4039
07802417	4040
07803093	4041
07803310	4042
07803408	4043
07803545	4044
07803895	4045
07803992	4046
07804152	4047
07804323	4048
07804771	4049
07805006	4050
07805254	4051
07805731	4052
07806221	4053
07808904	4054
07809096	4055
07809368	4056
07810531	4057
07810907	4058
07811416	4059
07812184	4060
07812662	4061
07812790	4062
07812913	4063
07813107	4064
07813324	4065
07813495	4066
07813579	4067
07813717	4068
07814203	4069
07814925	4070
07815588	4071
07816052	4072
07816296	4073
07817024	4074
07817315	4075
07817465	4076
07817599	4077
07817871	4078
07818029	4079
07818133	4080
07818277	4081
07818572	4082
07818689	4083
07818995	4084
07819303	4085
07819480	4086
07819769	4087
07820036	4088
07820814	4089
07820960	4090
07821107	4091
07821260	4092
07821919	4093
07822323	4094
07822518	4095
07822687	4096
07823814	4097
07823951	4098
07824702	4099
07824988	4100
07825972	4101
07826453	4102
07826544	4103
07826653	4104
07826930	4105
07827130	4106
07827284	4107
07827410	4108
07827554	4109
07827750	4110
07828041	4111
07828156	4112
07828275	4113
07828378	4114
07828642	4115
07828987	4116
07829412	4117
07832902	4118
07835051	4119
07837362	4120
07838233	4121
07840804	4122
07841037	4123
07842753	4124
07843775	4125
07844042	4126
07844604	4127
07844867	4128
07847198	4129
07847453	4130
07848338	4131
07849336	4132
07850329	4133
07852045	4134
07852919	4135
07854813	4136
07856270	4137
07857731	4138
07858595	4139
07859284	4140
07859583	4141
07860208	4142
07860805	4143
07860988	4144
07863229	4145
07863374	4146
07866571	4147
07866723	4148
07869937	4149
07873057	4150
07873807	4151
07874531	4152
07874780	4153
07881800	4154
07882497	4155
07882886	4156
07883251	4157
07883384	4158
07884567	4159
07886057	4160
07886176	4161
07886317	4162
07886572	4163
07886849	4164
07887634	4165
07888465	4166
07889274	4167
07889510	4168
07889814	4169
07890068	4170
07890617	4171
07891433	4172
07891726	4173
07892512	4174
07892813	4175
07893891	4176
07895237	4177
07895435	4178
07896994	4179
07897200	4180
07897600	4181
07899108	4182
07900406	4183
07901457	4184
07901587	4185
07902121	4186
07902336	4187
07902520	4188
07902799	4189
07902937	4190
07903101	4191
07903208	4192
07904395	4193
07904934	4194
07905038	4195
07905474	4196
07905618	4197
07905770	4198
07905979	4199
07906111	4200
07906284	4201
07906877	4202
07907037	4203
07907161	4204
07907548	4205
07907943	4206
07908411	4207
07908647	4208
07909593	4209
07909811	4210
07910656	4211
07911371	4212
07911677	4213
07912211	4214
07914006	4215
07914128	4216
07915618	4217
07915800	4218
07919310	4219
07920989	4220
07921090	4221
07921455	4222
07921615	4223
07921834	4224
07922764	4225
07923748	4226
07924033	4227
07925808	4228
07925966	4229
07927197	4230
07927512	4231
07927931	4232
07929351	4233
07929519	4234
07930554	4235
07931280	4236
07931870	4237
07932323	4238
07932841	4239
07933274	4240
07933799	4241
07934530	4242
07935504	4243
07936263	4244
07936548	4245
07942152	4246
07951464	4247
07954211	4248
08256735	4249
08494231	4250
08554440	4251
08555333	4252
08558770	4253
08558963	4254
08559155	4255
08571275	4256
08596076	4257
08598301	4258
08616050	4259
08640531	4260
08640739	4261
08644045	4262
09186592	4263
09199101	4264
09206985	4265
09213565	4266
09215437	4267
09217230	4268
09218641	4269
09230041	4270
09238926	4271
09246464	4272
09247410	4273
09262690	4274
09264803	4275
09265620	4276
09267854	4277
09269472	4278
09283866	4279
09287968	4280
09289331	4281
09302616	4282
09303008	4283
09304750	4284
09305031	4285
09309292	4286
09326662	4287
09327077	4288
09348460	4289
09359803	4290
09361517	4291
09366017	4292
09366317	4293
09376198	4294
09376526	4295
09381242	4296
09393605	4297
09399592	4298
09403734	4299
09409512	4300
09409752	4301
09416076	4302
09428293	4303
09433442	4304
09436708	4305
09437454	4306
09439213	4307
09445008	4308
09445289	4309
09453008	4310
09466678	4311
09468604	4312
09472413	4313
09472597	4314
09505153	4315
09606009	4316
09606527	4317
09607630	4318
09608709	4319
09610255	4320
09610405	4321
09613191	4322
09616922	4323
09617161	4324
09617696	4325
09618957	4326
09619168	4327
09620078	4328
09620794	4329
09621232	4330
09622049	4331
09622302	4332
09624168	4333
09624559	4334
09625401	4335
09626238	4336
09627906	4337
09629246	4338
09629752	4339
09631129	4340
09632274	4341
09632518	4342
09633969	4343
09636339	4344
09637339	4345
09638875	4346
09639382	4347
09639919	4348
09640327	4349
09641002	4350
09663248	4351
09669631	4352
09676884	4353
09679170	4354
09696585	4355
09697401	4356
09700964	4357
09701148	4358
09702134	4359
09710164	4360
09711132	4361
09716047	4362
09716933	4363
09720256	4364
09720702	4365
09722658	4366
09724533	4367
09725229	4368
09727440	4369
09731571	4370
09738400	4371
09752519	4372
09753348	4373
09753792	4374
09756961	4375
09758885	4376
09760609	4377
09760913	4378
09761068	4379
09763784	4380
09764201	4381
09764900	4382
09765278	4383
09767197	4384
09769929	4385
09770179	4386
09771435	4387
09772330	4388
09772746	4389
09772930	4390
09773962	4391
09774167	4392
09774783	4393
09779124	4394
09779280	4395
09779790	4396
09780828	4397
09781650	4398
09782167	4399
09784564	4400
09792555	4401
09792969	4402
09793141	4403
09796809	4404
09796974	4405
09800469	4406
09800964	4407
09801102	4408
09802445	4409
09802641	4410
09804230	4411
09805475	4412
09807075	4413
09809538	4414
09809749	4415
09810166	4416
09811712	4417
09811852	4418
09813219	4419
09814660	4420
09815455	4421
09815790	4422
09816771	4423
09818022	4424
09820044	4425
09820263	4426
09821831	4427
09823502	4428
09824135	4429
09824609	4430
09825096	4431
09825750	4432
09826204	4433
09826605	4434
09827363	4435
09828403	4436
09830194	4437
09830400	4438
09830629	4439
09831962	4440
09833441	4441
09833997	4442
09834378	4443
09834699	4444
09835348	4445
09835506	4446
09836160	4447
09837459	4448
09838370	4449
09840217	4450
09841188	4451
09841515	4452
09842047	4453
09843443	4454
09843602	4455
09845401	4456
09846755	4457
09850974	4458
09851165	4459
09853645	4460
09853881	4461
09855433	4462
09856671	4463
09857007	4464
09861287	4465
09861946	4466
09863936	4467
09867154	4468
09872066	4469
09874862	4470
09875979	4471
09876701	4472
09877587	4473
09877951	4474
09886403	4475
09890749	4476
09893191	4477
09893502	4478
09894654	4479
09894909	4480
09896170	4481
09896401	4482
09899289	4483
09902353	4484
09902954	4485
09903153	4486
09903936	4487
09905530	4488
09906449	4489
09910222	4490
09910374	4491
09912995	4492
09913329	4493
09917214	4494
09917345	4495
09917593	4496
09918248	4497
09918554	4498
09918867	4499
09919451	4500
09920901	4501
09921034	4502
09923418	4503
09923673	4504
09927089	4505
09927451	4506
09928136	4507
09928451	4508
09929298	4509
09929577	4510
09930257	4511
09930876	4512
09931418	4513
09931640	4514
09933020	4515
09933098	4516
09935434	4517
09936825	4518
09936892	4519
09937056	4520
09937903	4521
09938991	4522
09941964	4523
09942970	4524
09943239	4525
09945319	4526
09945603	4527
09947127	4528
09950457	4529
09951070	4530
09951274	4531
09952163	4532
09960688	4533
09961198	4534
09961605	4535
09964411	4536
09970088	4537
09971839	4538
09974648	4539
09976429	4540
09976728	4541
09979321	4542
09983572	4543
09987239	4544
09988063	4545
09989502	4546
09990415	4547
09990777	4548
09991867	4549
09993252	4550
09996481	4551
09997622	4552
09999135	4553
10000294	4554
10000787	4555
10001217	4556
10001481	4557
10008123	4558
10009484	4559
10009671	4560
10012484	4561
10015897	4562
10017422	4563
10018861	4564
10020366	4565
10020890	4566
10022908	4567
10024362	4568
10025060	4569
10027246	4570
10030277	4571
10033663	4572
10034201	4573
10036266	4574
10036929	4575
10037080	4576
10037385	4577
10040945	4578
10042690	4579
10042845	4580
10044682	4581
10047459	4582
10050880	4583
10053808	4584
10054657	4585
10055297	4586
10055410	4587
10055730	4588
10055847	4589
10056103	4590
10058411	4591
10060175	4592
10062042	4593
10067305	4594
10067600	4595
10067968	4596
10068234	4597
10070711	4598
10072054	4599
10074578	4600
10074841	4601
10075299	4602
10075693	4603
10077593	4604
10078131	4605
10078806	4606
10080869	4607
10083823	4608
10084043	4609
10084295	4610
10085101	4611
10087736	4612
10091564	4613
10092488	4614
10095420	4615
10095869	4616
10097477	4617
10097842	4618
10098245	4619
10099375	4620
10102800	4621
10104756	4622
10105733	4623
10107303	4624
10108089	4625
10109662	4626
10111903	4627
10112129	4628
10117017	4629
10117267	4630
10117739	4631
10117851	4632
10118844	4633
10119609	4634
10120671	4635
10121800	4636
10126177	4637
10127689	4638
10128519	4639
10129338	4640
10129825	4641
10131268	4642
10131590	4643
10136959	4644
10138369	4645
10140783	4646
10142391	4647
10142747	4648
10143172	4649
10143595	4650
10143725	4651
10146927	4652
10147262	4653
10148305	4654
10149436	4655
10149867	4656
10150794	4657
10151760	4658
10154013	4659
10154186	4660
10154601	4661
10155222	4662
10155849	4663
10156629	4664
10160412	4665
10162194	4666
10162354	4667
10164233	4668
10165448	4669
10168183	4670
10172080	4671
10173410	4672
10175725	4673
10177150	4674
10178216	4675
10185148	4676
10186774	4677
10189278	4678
10190516	4679
10191388	4680
10191613	4681
10195593	4682
10197392	4683
10198437	4684
10198832	4685
10200781	4686
10205457	4687
10206173	4688
10207169	4689
10208950	4690
10210137	4691
10212501	4692
10212780	4693
10213034	4694
10213429	4695
10215623	4696
10216403	4697
10218043	4698
10219879	4699
10221312	4700
10222497	4701
10224578	4702
10225219	4703
10225931	4704
10227266	4705
10228278	4706
10228592	4707
10236842	4708
10237069	4709
10237196	4710
10238272	4711
10239928	4712
10240082	4713
10241024	4714
10241300	4715
10242328	4716
10245507	4717
10245639	4718
10245863	4719
10246703	4720
10247358	4721
10247880	4722
10249459	4723
10249950	4724
10252075	4725
10252354	4726
10253122	4727
10257221	4728
10259348	4729
10260706	4730
10265801	4731
10266328	4732
10266848	4733
10267166	4734
10269289	4735
10271677	4736
10273064	4737
10276045	4738
10276477	4739
10277638	4740
10277912	4741
10279018	4742
10281546	4743
10283170	4744
10284064	4745
10284965	4746
10289039	4747
10290422	4748
10291110	4749
10292316	4750
10293861	4751
10294139	4752
10296176	4753
10296444	4754
10297367	4755
10297531	4756
10298647	4757
10299250	4758
10299700	4759
10299875	4760
10300303	4761
10304914	4762
10305635	4763
10305802	4764
10306279	4765
10308066	4766
10308732	4767
10311661	4768
10314182	4769
10315561	4770
10317007	4771
10317500	4772
10318293	4773
10321126	4774
10321882	4775
10322238	4776
10323752	4777
10323999	4778
10324560	4779
10328941	4780
10332385	4781
10333165	4782
10333317	4783
10335246	4784
10335931	4785
10336411	4786
10336904	4787
10340312	4788
10341446	4789
10341955	4790
10342180	4791
10342543	4792
10344774	4793
10345015	4794
10345100	4795
10345659	4796
10346015	4797
10353016	4798
10354265	4799
10355142	4800
10355306	4801
10355449	4802
10360747	4803
10361060	4804
10361296	4805
10361525	4806
10362003	4807
10362319	4808
10363573	4809
10365514	4810
10366145	4811
10366966	4812
10369317	4813
10369699	4814
10369955	4815
10370381	4816
10374849	4817
10376523	4818
10377021	4819
10378026	4820
10379376	4821
10380126	4822
10380672	4823
10382825	4824
10383237	4825
10383816	4826
10384392	4827
10384496	4828
10386984	4829
10387196	4830
10387324	4831
10394786	4832
10395073	4833
10395390	4834
10396106	4835
10397001	4836
10399130	4837
10400998	4838
10401331	4839
10402824	4840
10403876	4841
10404426	4842
10404998	4843
10405694	4844
10407310	4845
10407954	4846
10409752	4847
10410246	4848
10411356	4849
10411551	4850
10411867	4851
10415037	4852
10417682	4853
10418101	4854
10418735	4855
10419047	4856
10419472	4857
10420277	4858
10431122	4859
10431625	4860
10433737	4861
10435251	4862
10435716	4863
10435988	4864
10437014	4865
10437698	4866
10438172	4867
10439851	4868
10442232	4869
10442417	4870
10444194	4871
10450303	4872
10451858	4873
10456696	4874
10457444	4875
10458111	4876
10460033	4877
10462860	4878
10464542	4879
10465451	4880
10466198	4881
10466918	4882
10468750	4883
10470779	4884
10474645	4885
10478960	4886
10481268	4887
10482220	4888
10482921	4889
10484858	4890
10486561	4891
10487182	4892
10488016	4893
10488309	4894
10490421	4895
10495167	4896
10495421	4897
10498699	4898
10498816	4899
10499355	4900
10499631	4901
10499857	4902
10500942	4903
10502046	4904
10502329	4905
10502950	4906
10504206	4907
10506915	4908
10508710	4909
10512201	4910
10512708	4911
10513509	4912
10513823	4913
10514121	4914
10514429	4915
10516527	4916
10518349	4917
10521100	4918
10521662	4919
10522035	4920
10522324	4921
10522759	4922
10523341	4923
10524223	4924
10525134	4925
10525436	4926
10526534	4927
10527334	4928
10528493	4929
10529231	4930
10530959	4931
10531109	4932
10536416	4933
10538629	4934
10539160	4935
10540656	4936
10542888	4937
10544232	4938
10544748	4939
10548419	4940
10548537	4941
10548681	4942
10549510	4943
10551576	4944
10556518	4945
10557854	4946
10560637	4947
10562283	4948
10562968	4949
10563711	4950
10564098	4951
10565502	4952
10568200	4953
10569179	4954
10575594	4955
10575787	4956
10576223	4957
10576316	4958
10576962	4959
10577284	4960
10578162	4961
10580030	4962
10582746	4963
10583790	4964
10585077	4965
10588357	4966
10588724	4967
10592049	4968
10595164	4969
10595647	4970
10599806	4971
10604634	4972
10609198	4973
10610850	4974
10611613	4975
10612210	4976
10612373	4977
10612518	4978
10613996	4979
10615179	4980
10617193	4981
10618342	4982
10618685	4983
10618848	4984
10619492	4985
10619642	4986
10620758	4987
10621514	4988
10622053	4989
10624310	4990
10625860	4991
10628644	4992
10630188	4993
10632576	4994
10633450	4995
10634990	4996
10635788	4997
10641223	4998
10643837	4999
10643937	5000
10644598	5001
10646780	5002
10648237	5003
10648696	5004
10650162	5005
10655169	5006
10655594	5007
10656223	5008
10657556	5009
10657835	5010
10659042	5011
10659762	5012
10661216	5013
10661563	5014
10665302	5015
10665698	5016
10667709	5017
10668450	5018
10668666	5019
10669991	5020
10671042	5021
10671736	5022
10671898	5023
10674130	5024
10676569	5025
10678937	5026
10679174	5027
10682953	5028
10684827	5029
10688356	5030
10688811	5031
10690421	5032
10691318	5033
10691937	5034
10692482	5035
10693824	5036
10694258	5037
10698368	5038
10699752	5039
10700105	5040
10700201	5041
10701180	5042
10702167	5043
10702615	5044
10703336	5045
10703692	5046
10705615	5047
10708454	5048
10709529	5049
10711483	5050
10712229	5051
10712474	5052
10712690	5053
10715030	5054
10717055	5055
10717196	5056
10718131	5057
10720453	5058
10720964	5059
10722575	5060
10724372	5061
10726031	5062
10726786	5063
10727016	5064
10728998	5065
10732010	5066
10734394	5067
10734963	5068
10737103	5069
10740732	5070
10740868	5071
10741367	5072
10742546	5073
10745770	5074
10746931	5075
10748620	5076
10750188	5077
10752480	5078
10753061	5079
10753182	5080
10759151	5081
10759331	5082
10761326	5083
10763245	5084
10763383	5085
10763620	5086
10765679	5087
10768903	5088
10769321	5089
10772580	5090
10773665	5091
10777299	5092
10778148	5093
10779897	5094
10780632	5095
10781236	5096
10782471	5097
10782791	5098
10782940	5099
10783539	5100
10784544	5101
10784922	5102
10787470	5103
10788852	5104
10791115	5105
10791221	5106
10791890	5107
10792335	5108
10792856	5109
10793570	5110
10794014	5111
10801561	5112
10803031	5113
11545524	5114
11545714	5115
11547562	5116
11552133	5117
11552386	5118
11552806	5119
11552976	5120
11553240	5121
11596108	5122
11600372	5123
11601177	5124
11601333	5125
11608250	5126
11609475	5127
11609684	5128
11611758	5129
11612018	5130
11612235	5131
11612349	5132
11612923	5133
11614250	5134
11614713	5135
11615026	5136
11616662	5137
11616852	5138
11617631	5139
11618525	5140
11618861	5141
11620673	5142
11621029	5143
11621281	5144
11622771	5145
11623105	5146
11623967	5147
11624531	5148
11627168	5149
11628456	5150
11628793	5151
11630017	5152
11630489	5153
11634736	5154
11635152	5155
11635433	5156
11635830	5157
11636204	5158
11639445	5159
11643835	5160
11644046	5161
11644226	5162
11645914	5163
11647306	5164
11647703	5165
11648039	5166
11649359	5167
11649878	5168
11652217	5169
11652376	5170
11652578	5171
11653904	5172
11654293	5173
11654438	5174
11655592	5175
11656123	5176
11658331	5177
11658544	5178
11658709	5179
11659248	5180
11659627	5181
11661372	5182
11662128	5183
11665372	5184
11666854	5185
11668117	5186
11669921	5187
11672400	5188
11674332	5189
11678010	5190
11689197	5191
11689483	5192
11689678	5193
11690455	5194
11691046	5195
11692265	5196
11693981	5197
11694300	5198
11694664	5199
11694866	5200
11695085	5201
11695599	5202
11695974	5203
11700058	5204
11703669	5205
11704093	5206
11704791	5207
11705171	5208
11706761	5209
11707229	5210
11707827	5211
11708658	5212
11709205	5213
11709674	5214
11711971	5215
11712282	5216
11713164	5217
11713370	5218
11714382	5219
11720353	5220
11720643	5221
11721642	5222
11722036	5223
11722342	5224
11722466	5225
11722621	5226
11723770	5227
11727091	5228
11727358	5229
11727540	5230
11728099	5231
11729478	5232
11735570	5233
11735977	5234
11736694	5235
11737534	5236
11739978	5237
11745817	5238
11747468	5239
11748002	5240
11748811	5241
11750508	5242
11751765	5243
11752578	5244
11756092	5245
11756669	5246
11757190	5247
11757851	5248
11758799	5249
11759224	5250
11759853	5251
11762433	5252
11764478	5253
11766046	5254
11767354	5255
11770256	5256
11771539	5257
11771924	5258
11772408	5259
11772879	5260
11773408	5261
11773628	5262
11779300	5263
11780148	5264
11781176	5265
11782036	5266
11782878	5267
11783162	5268
11783920	5269
11784126	5270
11784497	5271
11786131	5272
11786539	5273
11786843	5274
11788727	5275
11792742	5276
11793403	5277
11793779	5278
11797981	5279
11798270	5280
11798978	5281
11799732	5282
11800236	5283
11801392	5284
11802800	5285
11805255	5286
11805544	5287
11805956	5288
11807108	5289
11807525	5290
11807696	5291
11807979	5292
11808721	5293
11811473	5294
11812094	5295
11814584	5296
11815491	5297
11816121	5298
11816336	5299
11817914	5300
11818636	5301
11819509	5302
11820965	5303
11822300	5304
11823043	5305
11823756	5306
11826569	5307
11828577	5308
11828973	5309
11830714	5310
11832214	5311
11832480	5312
11832671	5313
11832899	5314
11834272	5315
11838413	5316
11838916	5317
11839568	5318
11849271	5319
11849467	5320
11852531	5321
11855274	5322
11858814	5323
11862835	5324
11863467	5325
11867311	5326
11868814	5327
11869351	5328
11869689	5329
11870418	5330
11871059	5331
11872146	5332
11872658	5333
11873182	5334
11874081	5335
11874423	5336
11875691	5337
11875938	5338
11876803	5339
11877283	5340
11877473	5341
11877646	5342
11877860	5343
11878101	5344
11878283	5345
11878633	5346
11879054	5347
11879722	5348
11879895	5349
11881189	5350
11883945	5351
11884384	5352
11885856	5353
11887119	5354
11887750	5355
11888800	5356
11889205	5357
11890022	5358
11892637	5359
11894327	5360
11894558	5361
11894770	5362
11896722	5363
11897466	5364
11898639	5365
11898775	5366
11899921	5367
11900569	5368
11902200	5369
11902709	5370
11903671	5371
11905749	5372
11907689	5373
11910271	5374
11915214	5375
11915658	5376
11915899	5377
11916467	5378
11917407	5379
11917835	5380
11919447	5381
11920998	5382
11921395	5383
11923174	5384
11923397	5385
11923637	5386
11924014	5387
11924445	5388
11925898	5389
11927740	5390
11928858	5391
11930788	5392
11931918	5393
11932745	5394
11939491	5395
11940006	5396
11940349	5397
11940750	5398
11944196	5399
11945367	5400
11946051	5401
11947251	5402
11948264	5403
11949402	5404
11950345	5405
11951052	5406
11951511	5407
11953038	5408
11953339	5409
11953610	5410
11953884	5411
11955153	5412
11955896	5413
11956348	5414
11956850	5415
11959632	5416
11965627	5417
11967744	5418
11968704	5419
11968931	5420
11969166	5421
11970101	5422
11970586	5423
11971783	5424
11972759	5425
11973341	5426
11975254	5427
11976170	5428
11977303	5429
11978233	5430
11979715	5431
11981475	5432
11982115	5433
11982939	5434
11983375	5435
11984144	5436
11985053	5437
11985739	5438
11986511	5439
11988893	5440
11989869	5441
11990167	5442
11990313	5443
11990627	5444
11991263	5445
11991549	5446
11991777	5447
11992806	5448
11993203	5449
11994150	5450
11995092	5451
11995396	5452
11996251	5453
11998888	5454
11999656	5455
12001294	5456
12002428	5457
12002651	5458
12003167	5459
12005656	5460
12006306	5461
12006766	5462
12007766	5463
12008252	5464
12008749	5465
12009047	5466
12012111	5467
12012253	5468
12013035	5469
12015525	5470
12015959	5471
12020507	5472
12022054	5473
12022382	5474
12023407	5475
12023726	5476
12024176	5477
12024445	5478
12024690	5479
12025220	5480
12027222	5481
12027658	5482
12028424	5483
12029039	5484
12030654	5485
12030908	5486
12031139	5487
12031547	5488
12033139	5489
12034141	5490
12036939	5491
12041446	5492
12043444	5493
12045514	5494
12045860	5495
12049282	5496
12050959	5497
12051514	5498
12051792	5499
12053405	5500
12055073	5501
12056217	5502
12056601	5503
12056758	5504
12056990	5505
12057211	5506
12058822	5507
12060546	5508
12061104	5509
12061380	5510
12061614	5511
12062468	5512
12062781	5513
12065316	5514
12065777	5515
12067193	5516
12072210	5517
12075151	5518
12075830	5519
12076577	5520
12077944	5521
12078172	5522
12080395	5523
12083591	5524
12087961	5525
12088909	5526
12090890	5527
12092262	5528
12092930	5529
12093885	5530
12095020	5531
12098827	5532
12099342	5533
12101870	5534
12102133	5535
12105125	5536
12107970	5537
12108432	5538
12108871	5539
12109827	5540
12110778	5541
12112008	5542
12112918	5543
12113657	5544
12117017	5545
12117695	5546
12117912	5547
12118414	5548
12118661	5549
12119099	5550
12119238	5551
12121033	5552
12121610	5553
12124627	5554
12125183	5555
12126360	5556
12129738	5557
12130549	5558
12131405	5559
12131550	5560
12132092	5561
12133151	5562
12134025	5563
12134836	5564
12135049	5565
12135898	5566
12136720	5567
12137120	5568
12139575	5569
12141495	5570
12142085	5571
12142450	5572
12143676	5573
12145477	5574
12146311	5575
12154773	5576
12155583	5577
12155773	5578
12156819	5579
12157769	5580
12158443	5581
12158798	5582
12159055	5583
12159555	5584
12159804	5585
12160490	5586
12161056	5587
12161285	5588
12162181	5589
12162425	5590
12162758	5591
12163035	5592
12164363	5593
12164656	5594
12164881	5595
12165170	5596
12165384	5597
12165758	5598
12166128	5599
12166424	5600
12166793	5601
12167075	5602
12168565	5603
12170585	5604
12171966	5605
12172364	5606
12172481	5607
12173069	5608
12173664	5609
12174311	5610
12174521	5611
12174926	5612
12180885	5613
12185254	5614
12187663	5615
12188289	5616
12188635	5617
12189429	5618
12189779	5619
12189987	5620
12190410	5621
12190869	5622
12192877	5623
12193334	5624
12194147	5625
12194613	5626
12195391	5627
12196129	5628
12197359	5629
12197601	5630
12198286	5631
12199790	5632
12201580	5633
12201938	5634
12202936	5635
12203529	5636
12203896	5637
12204032	5638
12204175	5639
12205694	5640
12221191	5641
12221522	5642
12223160	5643
12227658	5644
12227909	5645
12242409	5646
12245695	5647
12246232	5648
12248574	5649
12249542	5650
12251278	5651
12252866	5652
12253229	5653
12256112	5654
12257570	5655
12258101	5656
12258885	5657
12259316	5658
12260799	5659
12261571	5660
12261808	5661
12262018	5662
12262553	5663
12263038	5664
12263738	5665
12263987	5666
12264786	5667
12265394	5668
12266217	5669
12266796	5670
12268246	5671
12269241	5672
12269652	5673
12271643	5674
12272432	5675
12274630	5676
12275317	5677
12275489	5678
12278371	5679
12279458	5680
12281241	5681
12281788	5682
12281974	5683
12282235	5684
12282527	5685
12282737	5686
12282933	5687
12283542	5688
12284262	5689
12284821	5690
12285049	5691
12285369	5692
12285512	5693
12285900	5694
12286197	5695
12286826	5696
12287642	5697
12288005	5698
12288823	5699
12289433	5700
12290748	5701
12291959	5702
12292877	5703
12293723	5704
12295796	5705
12296432	5706
12298165	5707
12300840	5708
12301180	5709
12303462	5710
12305089	5711
12305475	5712
12312728	5713
12316444	5714
12316572	5715
12317296	5716
12318378	5717
12318965	5718
12319204	5719
12319414	5720
12320010	5721
12320627	5722
12320806	5723
12321077	5724
12321395	5725
12321669	5726
12321873	5727
12322099	5728
12322501	5729
12327846	5730
12328398	5731
12329473	5732
12330891	5733
12331066	5734
12332218	5735
12333053	5736
12333530	5737
12333771	5738
12334293	5739
12334891	5740
12335483	5741
12335664	5742
12335800	5743
12336092	5744
12336333	5745
12336727	5746
12339526	5747
12339831	5748
12340383	5749
12341542	5750
12342299	5751
12342498	5752
12344283	5753
12345280	5754
12350758	5755
12352287	5756
12353754	5757
12355760	5758
12356023	5759
12356395	5760
12356960	5761
12357485	5762
12357968	5763
12358293	5764
12360108	5765
12364604	5766
12366313	5767
12366675	5768
12366870	5769
12367611	5770
12370174	5771
12370549	5772
12371439	5773
12373100	5774
12373739	5775
12377198	5776
12378963	5777
12381511	5778
12382233	5779
12384375	5780
12385429	5781
12387633	5782
12387839	5783
12392070	5784
12394638	5785
12395068	5786
12395463	5787
12396924	5788
12397431	5789
12399132	5790
12400489	5791
12400720	5792
12400924	5793
12401335	5794
12401684	5795
12402051	5796
12402348	5797
12402596	5798
12402840	5799
12403513	5800
12404729	5801
12405714	5802
12406304	5803
12406488	5804
12406715	5805
12407079	5806
12407890	5807
12408077	5808
12408280	5809
12408466	5810
12408717	5811
12409231	5812
12409470	5813
12411461	5814
12412355	5815
12412987	5816
12413419	5817
12419037	5818
12421467	5819
12425281	5820
12430198	5821
12430471	5822
12430675	5823
12431434	5824
12433178	5825
12435152	5826
12437513	5827
12437769	5828
12441183	5829
12441958	5830
12443323	5831
12446200	5832
12446519	5833
12446908	5834
12447121	5835
12447581	5836
12447891	5837
12448136	5838
12448361	5839
12449296	5840
12449526	5841
12449784	5842
12449934	5843
12450344	5844
12450607	5845
12450840	5846
12451915	5847
12452256	5848
12453186	5849
12454159	5850
12455950	5851
12459629	5852
12460697	5853
12461466	5854
12462582	5855
12463743	5856
12464476	5857
12464649	5858
12466727	5859
12467592	5860
12470092	5861
12470512	5862
12472024	5863
12474167	5864
12475035	5865
12475242	5866
12475774	5867
12476510	5868
12477583	5869
12477747	5870
12479537	5871
12480895	5872
12485981	5873
12491017	5874
12491826	5875
12492106	5876
12493208	5877
12493426	5878
12494794	5879
12495146	5880
12495670	5881
12496427	5882
12496949	5883
12499163	5884
12499979	5885
12500751	5886
12501202	5887
12505253	5888
12506181	5889
12506341	5890
12507379	5891
12510343	5892
12510774	5893
12513613	5894
12515711	5895
12515925	5896
12516584	5897
12516828	5898
12519563	5899
12520406	5900
12522188	5901
12522678	5902
12522894	5903
12523141	5904
12523475	5905
12524188	5906
12526178	5907
12526516	5908
12527738	5909
12528549	5910
12529500	5911
12532564	5912
12533190	5913
12534862	5914
12537569	5915
12539074	5916
12539306	5917
12539832	5918
12540250	5919
12541157	5920
12542240	5921
12544240	5922
12545232	5923
12545635	5924
12546183	5925
12546420	5926
12546962	5927
12548280	5928
12548804	5929
12549192	5930
12549420	5931
12550210	5932
12550408	5933
12551173	5934
12551457	5935
12552309	5936
12552893	5937
12554526	5938
12556656	5939
12557681	5940
12558425	5941
12559518	5942
12560282	5943
12561309	5944
12561594	5945
12564083	5946
12564613	5947
12565912	5948
12566331	5949
12568186	5950
12570394	5951
12570703	5952
12572546	5953
12574470	5954
12575322	5955
12576323	5956
12577362	5957
12577895	5958
12578255	5959
12578626	5960
12578916	5961
12579038	5962
12582231	5963
12582665	5964
12582846	5965
12583126	5966
12583855	5967
12584715	5968
12585137	5969
12586298	5970
12587132	5971
12587803	5972
12588320	5973
12588780	5974
12589841	5975
12590232	5976
12591351	5977
12592058	5978
12592544	5979
12592839	5980
12593122	5981
12593341	5982
12594324	5983
12594989	5984
12595964	5985
12597798	5986
12598027	5987
12601494	5988
12601805	5989
12602262	5990
12602980	5991
12603273	5992
12603449	5993
12604228	5994
12604845	5995
12605683	5996
12606545	5997
12607456	5998
12612170	5999
12617559	6000
12620196	6001
12621619	6002
12622875	6003
12625003	6004
12628986	6005
12629666	6006
12631331	6007
12633638	6008
12633994	6009
12634211	6010
12634429	6011
12634734	6012
12634986	6013
12635151	6014
12635744	6015
12635955	6016
12636224	6017
12637485	6018
12638218	6019
12638556	6020
12638753	6021
12639168	6022
12639736	6023
12639910	6024
12640607	6025
12641007	6026
12641180	6027
12641413	6028
12641931	6029
12642200	6030
12642964	6031
12643113	6032
12643473	6033
12644283	6034
12644902	6035
12645174	6036
12646397	6037
12647376	6038
12647560	6039
12648045	6040
12648196	6041
12649065	6042
12650556	6043
12651611	6044
12651821	6045
12653218	6046
12655351	6047
12655869	6048
12656685	6049
12658118	6050
12658846	6051
12659356	6052
12659539	6053
12660601	6054
12661045	6055
12661538	6056
12662772	6057
12663804	6058
12664005	6059
12664187	6060
12664710	6061
12665048	6062
12665271	6063
12666159	6064
12666369	6065
12667406	6066
12667582	6067
12669803	6068
12670758	6069
12674120	6070
12674685	6071
12676703	6072
12677612	6073
12679876	6074
12682411	6075
12683407	6076
12684379	6077
12685431	6078
12685831	6079
12687698	6080
12687957	6081
12688716	6082
12690653	6083
12692714	6084
12694486	6085
12695144	6086
12695975	6087
12696492	6088
12696830	6089
12697152	6090
12697514	6091
12698027	6092
12698435	6093
12699301	6094
12699922	6095
12700357	6096
12705013	6097
12705978	6098
12707199	6099
12707781	6100
12708293	6101
12708654	6102
12709103	6103
12709349	6104
12709901	6105
12710295	6106
12710577	6107
12710693	6108
12710917	6109
12711182	6110
12711398	6111
12711596	6112
12711817	6113
12711984	6114
12712320	6115
12712626	6116
12713063	6117
12713358	6118
12713521	6119
12714254	6120
12714755	6121
12714949	6122
12715195	6123
12715914	6124
12717072	6125
12717644	6126
12718483	6127
12719684	6128
12721477	6129
12722071	6130
12724942	6131
12725521	6132
12725738	6133
12725940	6134
12726670	6135
12726902	6136
12727301	6137
12727518	6138
12727729	6139
12727960	6140
12728164	6141
12728322	6142
12728864	6143
12729315	6144
12729521	6145
12729729	6146
12730370	6147
12730544	6148
12731029	6149
12731401	6150
12732009	6151
12732756	6152
12733647	6153
12734215	6154
12735160	6155
12736603	6156
12741222	6157
12741586	6158
12741792	6159
12742290	6160
12742741	6161
12743352	6162
12743823	6163
12744387	6164
12744850	6165
12745386	6166
12745564	6167
12746884	6168
12748248	6169
12751172	6170
12752205	6171
12753762	6172
12756457	6173
12759273	6174
12761284	6175
12761702	6176
12762896	6177
12763529	6178
12764202	6179
12764507	6180
12765115	6181
12765846	6182
12766043	6183
12766595	6184
12766869	6185
12767423	6186
12767648	6187
12768369	6188
12770529	6189
12770892	6190
12771085	6191
12771192	6192
12771390	6193
12771597	6194
12772753	6195
12773142	6196
12773917	6197
12774299	6198
12774641	6199
12775717	6200
12775919	6201
12778605	6202
12779603	6203
12779851	6204
12780563	6205
12785724	6206
12786464	6207
12793015	6208
12793284	6209
12793494	6210
12793695	6211
12793886	6212
12794135	6213
12794367	6214
12794568	6215
12794985	6216
12796385	6217
12797368	6218
12798284	6219
12799776	6220
12800586	6221
12801072	6222
12801520	6223
12803226	6224
12803754	6225
12803958	6226
12804352	6227
12805146	6228
12805561	6229
12806732	6230
12807251	6231
12807409	6232
12807624	6233
12807773	6234
12808007	6235
12810595	6236
12812235	6237
12816508	6238
12817464	6239
12818346	6240
12819728	6241
12821505	6242
12822115	6243
12822769	6244
12822955	6245
12823859	6246
12832315	6247
12834798	6248
12834938	6249
12835331	6250
12836862	6251
12837259	6252
12837803	6253
12839574	6254
12839979	6255
12840749	6256
12842302	6257
12842887	6258
12843557	6259
12843970	6260
12844409	6261
12844939	6262
12845413	6263
12846335	6264
12847008	6265
12847374	6266
12847927	6267
12848499	6268
12849061	6269
12850906	6270
12851094	6271
12852570	6272
12853080	6273
12854048	6274
12854600	6275
12857204	6276
12857779	6277
12858150	6278
12858397	6279
12859986	6280
12860365	6281
12861892	6282
12863234	6283
12863624	6284
12864160	6285
12866968	6286
12868019	6287
12868880	6288
12869478	6289
12870535	6290
12871272	6291
12875269	6292
12875697	6293
12875861	6294
12877244	6295
12878169	6296
12878784	6297
12879963	6298
12881105	6299
12882779	6300
12882945	6301
12884100	6302
12884260	6303
12886600	6304
12887293	6305
12887713	6306
12890265	6307
12890685	6308
12891093	6309
12898342	6310
12903367	6311
12903503	6312
12904314	6313
12906498	6314
12907057	6315
12908645	6316
12909421	6317
12911440	6318
12917901	6319
12918609	6320
12919195	6321
12919403	6322
12920204	6323
12920521	6324
12921868	6325
12924623	6326
12925179	6327
12926480	6328
12926689	6329
12927013	6330
12927494	6331
12928071	6332
12928491	6333
12930778	6334
12931542	6335
12931906	6336
12932706	6337
12932966	6338
12934036	6339
12934479	6340
12936826	6341
12937130	6342
12938667	6343
12939104	6344
12939479	6345
12940226	6346
12940609	6347
12941536	6348
12942395	6349
12943049	6350
12943443	6351
12945177	6352
12945366	6353
12945549	6354
12946849	6355
12947544	6356
12948053	6357
12948251	6358
12950126	6359
12952165	6360
12953206	6361
12953484	6362
12954353	6363
12956170	6364
12960378	6365
12960863	6366
12965626	6367
12969131	6368
12969425	6369
12969670	6370
12969927	6371
12974987	6372
12975804	6373
12980840	6374
12983961	6375
12987056	6376
12991184	6377
12992868	6378
12997654	6379
12998815	6380
13001930	6381
13003254	6382
13003522	6383
13005329	6384
13006171	6385
13007034	6386
13007417	6387
13013534	6388
13024012	6389
13025647	6390
13028611	6391
13030852	6392
13032115	6393
13032381	6394
13032923	6395
13033577	6396
13037406	6397
13039349	6398
13040303	6399
13043926	6400
13044778	6401
13049953	6402
13050940	6403
13052670	6404
13052931	6405
13053608	6406
13054560	6407
13060190	6408
13061704	6409
13062421	6410
13063269	6411
13064111	6412
13065514	6413
13066129	6414
13067191	6415
13067532	6416
13068434	6417
13068917	6418
13070308	6419
13077033	6420
13077295	6421
13083023	6422
13084184	6423
13085113	6424
13100156	6425
13100677	6426
13104059	6427
13107891	6428
13108131	6429
13108662	6430
13108841	6431
13109733	6432
13110915	6433
13111174	6434
13118707	6435
13120211	6436
13121104	6437
13122364	6438
13123431	6439
13124654	6440
13125117	6441
13133613	6442
13134302	6443
13134947	6444
13135832	6445
13136316	6446
13136556	6447
13137225	6448
13137409	6449
13138308	6450
13138658	6451
13139055	6452
13139647	6453
13140049	6454
13143285	6455
13144084	6456
13148384	6457
13149296	6458
13149970	6459
13150378	6460
13150894	6461
13154841	6462
13171210	6463
13172923	6464
13173882	6465
13174670	6466
13177048	6467
13177529	6468
13177884	6469
13178284	6470
13180534	6471
13183056	6472
13183489	6473
13188096	6474
13188767	6475
13192625	6476
13193269	6477
13193642	6478
13194036	6479
13194572	6480
13194918	6481
13195761	6482
13198054	6483
13199717	6484
13199970	6485
13200986	6486
13201969	6487
13206178	6488
13206817	6489
13207094	6490
13207736	6491
13207923	6492
13208705	6493
13211790	6494
13212025	6495
13219422	6496
13221529	6497
13223090	6498
13224673	6499
13230662	6500
13231078	6501
13233727	6502
13235503	6503
13238375	6504
13862780	6505
13863186	6506
13863771	6507
13864153	6508
13865483	6509
13866144	6510
13872592	6511
13873502	6512
13874073	6513
13875392	6514
13879320	6515
13881644	6516
13894434	6517
13895262	6518
13897996	6519
13900287	6520
13902048	6521
13903079	6522
13905121	6523
13905792	6524
13906484	6525
13906669	6526
13906936	6527
13915999	6528
13916721	6529
13919547	6530
14810561	6531
14820180	6532
14844693	6533
14899328	6534
14900184	6535
14919819	6536
14973585	6537
14977188	6538
14977504	6539
15019030	6540
15089258	6541
15089472	6542
15089645	6543
15089803	6544
15090742	6545
15091129	6546
15091304	6547
15091473	6548
15091669	6549
15091846	6550
15092059	6551
15092227	6552
15092650	6553
15092751	6554
